7.717444034211737858e-01,-5.480857562296221897e-01,1.000000000000000000e+00
1.894160487551178329e-01,-2.619816631639886872e-01,1.000000000000000000e+00
9.183590579284282018e-01,4.432765064430851387e-01,0.000000000000000000e+00
1.021213241645997138e+00,-4.885232012515615674e-01,1.000000000000000000e+00
1.178441521651901969e+00,-3.691925533858508857e-01,1.000000000000000000e+00
-1.062691089955314139e+00,1.162022716196330907e-01,0.000000000000000000e+00
1.234508070659591450e+00,-4.615893497759434583e-01,1.000000000000000000e+00
7.118387202105482814e-01,-3.930121441206679278e-01,1.000000000000000000e+00
5.424892516984562985e-01,8.244636857093290416e-01,0.000000000000000000e+00
-7.524714225389749211e-01,8.289076441927645256e-01,0.000000000000000000e+00
1.901708447704125948e+00,2.424211949294904911e-01,1.000000000000000000e+00
9.048496051055520129e-01,3.127694784004079742e-01,0.000000000000000000e+00
2.107369857285859016e-01,-2.945260553240470758e-01,1.000000000000000000e+00
1.411097498540922812e+00,-6.020780131329297458e-01,1.000000000000000000e+00
9.568556369252679827e-01,2.871971781829597559e-01,0.000000000000000000e+00
-9.989627199126561996e-02,1.005160938847040608e+00,0.000000000000000000e+00
1.744859671379227928e+00,8.024535983850916709e-02,1.000000000000000000e+00
-4.503091760696410484e-01,9.737763208006640081e-01,0.000000000000000000e+00
1.090809740846318654e+00,-6.123115883756987676e-01,1.000000000000000000e+00
9.557880401247739743e-02,1.919302332325324989e-01,1.000000000000000000e+00
4.122373627243421379e-01,-1.645448555166114102e-01,1.000000000000000000e+00
-3.490685963118899116e-01,9.584750000793144098e-01,0.000000000000000000e+00
-9.011812011426275637e-01,4.791022763063293444e-01,0.000000000000000000e+00
-8.024324436313471365e-01,4.748296271534942492e-01,0.000000000000000000e+00
1.011326272624479605e+00,-6.603066862228973433e-01,1.000000000000000000e+00
-7.699808258701436037e-01,5.671881259147566468e-01,0.000000000000000000e+00
4.283312480452634019e-01,-3.100690180182728017e-01,1.000000000000000000e+00
2.053687446025616925e+00,2.610424402217360051e-01,1.000000000000000000e+00
1.277598967617197268e+00,-5.266482681406804423e-01,1.000000000000000000e+00
1.902001027971303548e+00,3.747569187876222951e-01,1.000000000000000000e+00
-3.623653815558994795e-01,9.706112414455767556e-01,0.000000000000000000e+00
4.041914149490221653e-01,9.797576114468080632e-01,0.000000000000000000e+00
8.902133809604225734e-01,1.332792233486022049e-01,0.000000000000000000e+00
-8.886478705539414547e-01,5.871754797234812751e-01,0.000000000000000000e+00
7.302152071311762693e-01,-4.869574115483952803e-01,1.000000000000000000e+00
1.565065379653755862e-02,5.232181036200276303e-01,1.000000000000000000e+00
8.680304802254384944e-02,-4.494177217320327600e-02,1.000000000000000000e+00
7.670231148561071355e-02,-1.739985496091265016e-01,1.000000000000000000e+00
1.945713852398328170e+00,5.416050046261424722e-01,1.000000000000000000e+00
8.788299421726422089e-01,1.833472146076702558e-01,0.000000000000000000e+00
1.117826954965577935e+00,-7.064984178442268448e-01,1.000000000000000000e+00
-2.583592004571085843e-01,1.021319654529030174e+00,0.000000000000000000e+00
-2.003644271610496574e-01,9.508962473271000970e-01,0.000000000000000000e+00
7.405755653873701272e-01,6.272518380420724071e-01,0.000000000000000000e+00
3.687606520803700105e-01,7.490622217095684876e-01,0.000000000000000000e+00
-8.626212302327305181e-01,3.172482619869754217e-01,0.000000000000000000e+00
1.158766537928274554e+00,-6.173898596380682502e-01,1.000000000000000000e+00
2.716898621002388214e-01,9.180149410382500985e-01,0.000000000000000000e+00
1.003323432917765379e+00,1.151235045601446683e-01,0.000000000000000000e+00
6.518100837338142162e-01,8.821936495677910051e-01,0.000000000000000000e+00
-4.093823836279954220e-02,8.611635198033680272e-01,0.000000000000000000e+00
6.016031964177969149e-01,-4.097094889470962453e-01,1.000000000000000000e+00
-3.587059280547533202e-03,-1.684030410398068556e-02,1.000000000000000000e+00
-6.760310453728931579e-01,7.821767481502780450e-01,0.000000000000000000e+00
1.273955045126455854e-01,9.659490935451284788e-01,0.000000000000000000e+00
1.617781293623379524e+00,-3.159799964312090537e-01,1.000000000000000000e+00
4.006927927734998951e-02,1.392641784570939900e-01,1.000000000000000000e+00
8.933699796449329211e-01,2.438903235569375716e-01,0.000000000000000000e+00
2.145994086282355884e+00,2.279877697708904138e-01,1.000000000000000000e+00
-6.324101977952460707e-02,3.976932903675763353e-01,1.000000000000000000e+00
-9.010286777223674992e-01,2.994111685944656487e-01,0.000000000000000000e+00
-1.199514100341277922e+00,2.906873980280547665e-01,0.000000000000000000e+00
2.290488981254475698e-01,1.072764698029396779e+00,0.000000000000000000e+00
1.922803660092576861e+00,5.274677862632731751e-01,1.000000000000000000e+00
1.985383230929925968e+00,2.699692498023024134e-01,1.000000000000000000e+00
8.849326014337250967e-01,-3.788299019526731315e-01,1.000000000000000000e+00
1.616858650703165479e+00,-2.063743854180088433e-01,1.000000000000000000e+00
-7.586458419679296128e-01,6.700969468434668785e-01,0.000000000000000000e+00
1.142790072988452588e+00,3.033016718090798536e-01,0.000000000000000000e+00
5.517972211721269282e-01,9.385113413959446094e-01,0.000000000000000000e+00
1.776385190046964047e-02,4.321254488140228722e-01,1.000000000000000000e+00
1.033783936120291402e+00,-4.602727366053288027e-01,1.000000000000000000e+00
1.722812659907388300e+00,1.446634687622164739e-01,1.000000000000000000e+00
8.304718685764751473e-01,4.710095119464500213e-01,0.000000000000000000e+00
-9.278098771516420928e-01,5.915542569781553212e-02,0.000000000000000000e+00
1.531515845256749220e+00,-3.815670214927402437e-01,1.000000000000000000e+00
7.802015065960880014e-01,6.874123804586109721e-01,0.000000000000000000e+00
-4.701763464750312038e-01,9.973406256369701239e-01,0.000000000000000000e+00
2.382702807637970266e-01,-3.338159676510840668e-01,1.000000000000000000e+00
-9.952368429588256404e-01,3.003502925769500065e-01,0.000000000000000000e+00
-7.981049891610297875e-01,5.793754970229657575e-01,0.000000000000000000e+00
1.598297307939262543e-02,2.799830695875893949e-01,1.000000000000000000e+00
1.667883471260011019e+00,-2.540778572722660611e-01,1.000000000000000000e+00
8.078682613174310578e-01,-5.646852463191095461e-01,1.000000000000000000e+00
1.165077336064360924e+00,-4.909917668616552433e-01,1.000000000000000000e+00
-4.738820109994035246e-02,1.225172265072694389e+00,0.000000000000000000e+00
6.690141546109111825e-01,-3.711435068654411751e-01,1.000000000000000000e+00
1.085260895372042622e+00,-6.188389264413167723e-01,1.000000000000000000e+00
1.676986509599320385e+00,-4.186420430733088782e-01,1.000000000000000000e+00
9.945985940037911366e-01,-4.048376269264526428e-01,1.000000000000000000e+00
1.760857315760497199e+00,1.942826874701907014e-01,1.000000000000000000e+00
5.312601220853387929e-01,9.662090586729642494e-01,0.000000000000000000e+00
1.949139213020932848e+00,-8.436591273127386215e-02,1.000000000000000000e+00
2.506755858302407436e-01,-3.541180647373467494e-01,1.000000000000000000e+00
-4.320328147576219663e-02,4.298079181474518951e-01,1.000000000000000000e+00
-2.227723544886883039e-02,3.477929846086955101e-01,1.000000000000000000e+00
-4.722657741648058072e-01,8.828893731362010833e-01,0.000000000000000000e+00
3.424846775769742613e-01,7.642536544393933040e-01,0.000000000000000000e+00
3.425653407782751625e-01,-1.770091347169501783e-01,1.000000000000000000e+00
8.636127435593009549e-01,3.183569069396733342e-01,0.000000000000000000e+00
1.744535148537137870e+00,8.172676142616697170e-02,1.000000000000000000e+00
1.464157773454160427e+00,-2.968760803241386470e-01,1.000000000000000000e+00
-8.148554185914109738e-01,4.665357575827387970e-01,0.000000000000000000e+00
1.896185540854873341e-01,1.055481681971954799e-01,1.000000000000000000e+00
7.216062788632342240e-02,1.013371142219902987e+00,0.000000000000000000e+00
1.033621530627139684e+00,-5.380960331951589737e-01,1.000000000000000000e+00
1.392125716278222125e+00,-5.208339349665517259e-01,1.000000000000000000e+00
6.283822215465473260e-01,-5.159749634355241810e-01,1.000000000000000000e+00
2.057387790044324039e+00,2.451981999490617237e-01,1.000000000000000000e+00
8.059833267587093175e-01,-4.306226808389905236e-01,1.000000000000000000e+00
6.788579294316436641e-02,2.586995472445318134e-01,1.000000000000000000e+00
-2.739781737907318743e-03,3.993940639125889147e-01,1.000000000000000000e+00
5.977376314870244123e-01,6.797192643748319885e-01,0.000000000000000000e+00
-4.038169428201560107e-01,8.817326422493120264e-01,0.000000000000000000e+00
1.497764181496282321e+00,-5.351895821705983103e-01,1.000000000000000000e+00
2.024339997665034752e-01,8.064453502796469220e-01,0.000000000000000000e+00
2.283671191164867442e-01,1.656120168383324875e-01,1.000000000000000000e+00
1.977553953057104907e+00,8.775626375243278376e-02,1.000000000000000000e+00
-7.158838279426109619e-01,5.710629055628314577e-01,0.000000000000000000e+00
8.743825470511567000e-01,3.522991090017683624e-01,0.000000000000000000e+00
9.046083634475928781e-01,6.881662863679219866e-01,0.000000000000000000e+00
-8.513422899834048874e-01,1.484665660597868642e-01,0.000000000000000000e+00
8.837689628293723398e-01,2.194000311418059512e-01,0.000000000000000000e+00
4.569134803320422655e-01,9.605141911621989381e-01,0.000000000000000000e+00
-1.873959070192826315e-01,1.035492610195320129e+00,0.000000000000000000e+00
-5.834897101482379167e-01,7.527878298311476701e-01,0.000000000000000000e+00
1.172316155506826635e-01,-8.380504282555754914e-02,1.000000000000000000e+00
3.798871912194494715e-01,-2.997079029764843083e-01,1.000000000000000000e+00
-4.136108114131245572e-03,2.467973918107871090e-01,1.000000000000000000e+00
1.169717772255041810e+00,1.526882225780420432e-01,0.000000000000000000e+00
-4.008674733118692823e-01,9.132055246585962793e-01,0.000000000000000000e+00
2.083651295549063531e-01,3.409692010037740362e-01,1.000000000000000000e+00
3.737633731313989571e-01,1.017985000888878444e+00,0.000000000000000000e+00
-5.198468274859668892e-02,9.998950659577298117e-01,0.000000000000000000e+00
-9.811729984170290964e-01,2.597186239999434987e-01,0.000000000000000000e+00
5.641866847945581354e-01,-6.218916441558393071e-01,1.000000000000000000e+00
1.653892985980056185e+00,-1.763792887791614805e-01,1.000000000000000000e+00
1.865713848614782178e+00,-5.099386539386041584e-02,1.000000000000000000e+00
7.518380410867041563e-01,7.745824614975973521e-01,0.000000000000000000e+00
1.696777386987523339e+00,-7.658249581037412934e-02,1.000000000000000000e+00
1.044828126421337267e+00,2.712086459273301831e-01,0.000000000000000000e+00
-5.528075763838171675e-01,7.820889481173605162e-01,0.000000000000000000e+00
8.657390790654961865e-01,-6.114442902415702097e-01,1.000000000000000000e+00
9.894070848436613552e-01,8.264066591824070773e-02,0.000000000000000000e+00
9.845515957304576404e-02,3.414329068766231989e-01,1.000000000000000000e+00
-8.289349292693617421e-01,3.882459659257638251e-01,0.000000000000000000e+00
7.964135743087082941e-01,4.736682373964478665e-01,0.000000000000000000e+00
7.010683289242254368e-01,6.732163459460545063e-01,0.000000000000000000e+00
-6.373847053418889297e-03,1.026520658231059313e+00,0.000000000000000000e+00
2.019698293531294819e+00,5.342269552299390156e-01,1.000000000000000000e+00
6.521285076684019133e-01,-6.737729795760614149e-01,1.000000000000000000e+00
9.407549449614843740e-01,3.849158720998850924e-01,0.000000000000000000e+00
1.530904304375755087e+00,-4.106017211380673659e-01,1.000000000000000000e+00
1.297000236609262114e+00,-4.219587624714976615e-01,1.000000000000000000e+00
1.717266543365996156e+00,1.002541511190493118e-01,1.000000000000000000e+00
-2.117555295876762111e-01,9.139718746976612795e-01,0.000000000000000000e+00
2.465973348227589179e-01,9.048861394126407331e-01,0.000000000000000000e+00
7.974703554665270033e-01,-1.178893100335293154e-02,0.000000000000000000e+00
1.192016320998907419e+00,-5.465665346042455353e-01,1.000000000000000000e+00
-4.087689408813444669e-01,9.121581743337403569e-01,0.000000000000000000e+00
3.130977166117983046e-01,-1.622979815571565232e-01,1.000000000000000000e+00
-1.272435573972380829e-01,1.020347521492213083e+00,0.000000000000000000e+00
1.054994981578727176e+00,3.122302856615698508e-01,0.000000000000000000e+00
3.970003205491396958e-01,-4.013436722562800374e-01,1.000000000000000000e+00
4.271787899223220553e-01,6.745306960957866416e-01,0.000000000000000000e+00
8.003799466178491695e-01,8.160613987853599927e-01,0.000000000000000000e+00
9.521784659746744817e-01,3.129658992209600754e-01,0.000000000000000000e+00
-9.744171368573113778e-02,3.597782591044186296e-01,1.000000000000000000e+00
6.039295601343009912e-01,9.993202691710248997e-01,0.000000000000000000e+00
2.258750521842045167e+00,3.455511870973045907e-01,1.000000000000000000e+00
1.112405223199436577e+00,-5.354067232068712157e-01,1.000000000000000000e+00
-9.552695326096565243e-01,5.133641236055173085e-01,0.000000000000000000e+00
5.443721166889632368e-01,-3.729422999915981696e-01,1.000000000000000000e+00
3.701505023700453201e-01,9.420479992279370274e-01,0.000000000000000000e+00
2.544307434230689280e-01,-2.614965719592701743e-01,1.000000000000000000e+00
8.683580468601093116e-01,-6.562766877737189475e-01,1.000000000000000000e+00
-1.038740718335606772e+00,5.201190333625278495e-01,0.000000000000000000e+00
7.685025421916966692e-01,-3.095748272264466916e-01,1.000000000000000000e+00
1.547319487607440758e+00,-4.295727934065367570e-01,1.000000000000000000e+00
5.503940095144340683e-01,8.050153731068353524e-01,0.000000000000000000e+00
-6.899748826242075861e-01,7.775757740136636231e-01,0.000000000000000000e+00
-9.447966965562388797e-01,4.041228201004065657e-01,0.000000000000000000e+00
1.972187617260001469e+00,3.034646737591494836e-01,1.000000000000000000e+00
6.952574538447298114e-01,-5.795205645695247210e-01,1.000000000000000000e+00
-9.757882039014876829e-01,-8.887202573536295835e-02,0.000000000000000000e+00
-6.171499449735490250e-01,8.446024948769819130e-01,0.000000000000000000e+00
1.219847499985526884e+00,-3.031610149895789807e-01,1.000000000000000000e+00
-6.994197446903855919e-01,9.198876034195158091e-01,0.000000000000000000e+00
9.650114320473481833e-01,-4.810372639000215500e-01,1.000000000000000000e+00
-5.082160794879575505e-01,8.663417889871927180e-01,0.000000000000000000e+00
7.955749355489729613e-01,-5.022078049918666798e-01,1.000000000000000000e+00
1.154801292567458545e-02,2.386884210076820612e-01,1.000000000000000000e+00
7.468433115558082980e-01,5.673697483088985249e-01,0.000000000000000000e+00
1.450612469806369098e-01,9.516067090456345468e-02,1.000000000000000000e+00
-7.639598489790433433e-01,6.438435043667007918e-01,0.000000000000000000e+00
1.107819730371423894e+00,-2.559184666344096470e-01,0.000000000000000000e+00
-2.815240888562537402e-01,8.534722265420493503e-01,0.000000000000000000e+00
1.891069347136719481e+00,2.492496829298302893e-02,1.000000000000000000e+00
-3.246522580455792895e-01,8.812733271960162540e-01,0.000000000000000000e+00
1.930197583384377635e+00,5.665732069514461955e-01,1.000000000000000000e+00
1.459419704289653730e+00,-2.161662405190212799e-01,1.000000000000000000e+00
1.186230942834384017e+00,-5.232285726914016610e-01,1.000000000000000000e+00
3.168307595706750246e-01,9.888240683228427530e-01,0.000000000000000000e+00
5.316303245700930713e-01,6.807556245879307077e-01,0.000000000000000000e+00
4.572134580582240537e-01,8.675796675097622312e-01,0.000000000000000000e+00
-1.841076051436412175e-01,1.037282393458884622e+00,0.000000000000000000e+00
1.999973808138260756e+00,5.105438885113687819e-01,1.000000000000000000e+00
-9.404296897461319471e-01,-1.509664018191236856e-02,0.000000000000000000e+00
6.430372320212593973e-01,-3.559058271167980791e-01,1.000000000000000000e+00
9.436891155755965377e-01,4.297727876770329747e-01,0.000000000000000000e+00
1.357387322686042674e+00,-5.108305365720359204e-01,1.000000000000000000e+00
-1.012883131013759375e+00,1.343909402337830628e-01,0.000000000000000000e+00
-1.187189055019176154e+00,6.018074618835679568e-02,0.000000000000000000e+00
-1.877090845892564197e-01,1.075774077514130678e+00,0.000000000000000000e+00
1.380378620201430095e-01,-1.382553280290655107e-01,1.000000000000000000e+00
-5.338183118486198309e-01,9.034512352479696640e-01,0.000000000000000000e+00
5.418620302174178560e-01,-7.126471072995438361e-01,1.000000000000000000e+00
-8.745109144140508217e-01,4.143801339369886927e-01,0.000000000000000000e+00
1.758937494783014976e+00,-2.330702233401003298e-01,1.000000000000000000e+00
2.034955740927753887e+00,5.168406010757478075e-01,1.000000000000000000e+00
3.876045204899535301e-01,-3.464953521932289116e-01,1.000000000000000000e+00
8.989929946185837295e-01,1.083110099525736031e-01,0.000000000000000000e+00
-1.842220990252124713e-02,1.032355310863163345e+00,0.000000000000000000e+00
4.676131774775909578e-01,-3.751890293566415013e-01,1.000000000000000000e+00
-3.395624630330895677e-01,9.210005938801322234e-01,0.000000000000000000e+00
7.655265627334882639e-02,-7.537323526816092079e-02,1.000000000000000000e+00
-8.192219827183319092e-01,5.187506898430149782e-01,0.000000000000000000e+00
-1.156285033902433312e+00,5.829955188425781087e-02,0.000000000000000000e+00
1.676911649936059012e+00,-1.978778792221003169e-01,1.000000000000000000e+00
1.851072153370386442e+00,3.743598714012777440e-02,1.000000000000000000e+00
-9.667437602543962338e-01,1.800186444874277703e-01,0.000000000000000000e+00
1.761462457434946227e+00,-4.249627704226215386e-01,1.000000000000000000e+00
-2.732731155533146827e-01,9.018917098354977124e-01,0.000000000000000000e+00
-1.799015177971817203e-01,9.572979014888721716e-01,0.000000000000000000e+00
1.906119644855542639e+00,4.639065108385262426e-02,1.000000000000000000e+00
9.915585835627205302e-01,3.969502453137292997e-01,0.000000000000000000e+00
-8.121444773676027573e-01,5.910530579400766760e-01,0.000000000000000000e+00
-6.166067379653530356e-01,8.248115537326975444e-01,0.000000000000000000e+00
7.864605527185936085e-01,6.357543143464239321e-01,0.000000000000000000e+00
3.152829360645554302e-01,9.730225219063931563e-01,0.000000000000000000e+00
-1.262540225374245151e-02,1.352734365116355919e-01,1.000000000000000000e+00
1.218652904331968934e+00,-3.546285745920314536e-01,1.000000000000000000e+00
1.899279706786050903e-01,1.116766082447757436e+00,0.000000000000000000e+00
1.103218718507769980e+00,-7.853831175929557040e-02,0.000000000000000000e+00
-9.406098221776744150e-01,5.435597359167223530e-01,0.000000000000000000e+00
1.909424724582212463e+00,-9.842026296958675258e-02,1.000000000000000000e+00
2.144389375694296940e-01,-3.300279567736458253e-02,1.000000000000000000e+00
6.615545055272514796e-01,5.422035030221201701e-01,0.000000000000000000e+00
-5.679451492297914461e-01,8.522580405110639079e-01,0.000000000000000000e+00
-9.138855086571588959e-01,3.957819687336000536e-01,0.000000000000000000e+00
-1.014655835613664236e-01,8.636626516371056494e-01,0.000000000000000000e+00
8.993759737822238920e-01,2.562491791547717446e-01,0.000000000000000000e+00
1.632221215585353713e+00,-3.145339485924480982e-01,1.000000000000000000e+00
1.202724533635982418e+00,-4.777332599931164436e-01,1.000000000000000000e+00
6.510205497357011151e-01,6.532658659165064829e-01,0.000000000000000000e+00
-9.459766670238161090e-01,4.389092025490944349e-01,0.000000000000000000e+00
2.375284018900880867e-01,9.366869962249619874e-01,0.000000000000000000e+00
1.594475940958750115e+00,-4.492067768625465640e-01,1.000000000000000000e+00
-1.098136591642338900e+00,3.371699807694015227e-01,0.000000000000000000e+00
8.526877256116456305e-01,5.959717395290162756e-01,0.000000000000000000e+00
1.385536293019715426e-01,-3.928911769400120213e-02,1.000000000000000000e+00
1.796287944352529531e-01,2.689292771982619290e-01,1.000000000000000000e+00
-5.891799664042918216e-02,5.913589661732256975e-01,1.000000000000000000e+00
1.475201518551416235e+00,-3.299218612070743406e-01,1.000000000000000000e+00
4.775474419946597049e-01,-6.730216955668140155e-01,1.000000000000000000e+00
1.005566946180339594e+00,4.469763759169630424e-01,0.000000000000000000e+00
7.773147904301139777e-01,8.627410963948821676e-01,0.000000000000000000e+00
-8.612748161951118142e-01,5.423275910994582727e-01,0.000000000000000000e+00
1.099164329466381373e-01,-3.505452538902288362e-01,1.000000000000000000e+00
1.850296004127987670e+00,1.806266432605193040e-01,1.000000000000000000e+00
1.796111825267610040e+00,-1.361290782381570919e-01,1.000000000000000000e+00
-9.793142892520063647e-01,1.503500541818237057e-01,0.000000000000000000e+00
1.740207113594807398e+00,-8.721296808644710130e-02,1.000000000000000000e+00
7.884480145973130072e-02,7.043650512507404482e-02,1.000000000000000000e+00
-4.704189737173902208e-01,1.082733412995447342e+00,0.000000000000000000e+00
5.457677383334247345e-01,-3.400685260614756400e-01,1.000000000000000000e+00
1.506754945976410243e+00,-4.037352081417822092e-01,1.000000000000000000e+00
-8.243557583968101898e-01,7.250284104067555857e-01,0.000000000000000000e+00
1.684230957759957459e+00,-1.860706360626320222e-01,1.000000000000000000e+00
1.854651495810777928e-01,9.884829331700739630e-01,0.000000000000000000e+00
7.839488786142203569e-01,4.566064249203727887e-01,0.000000000000000000e+00
1.517762031015810198e-01,1.337243701604248214e-01,1.000000000000000000e+00
1.929475218312594054e+00,1.986474249752505916e-01,1.000000000000000000e+00
1.437160595425701348e-01,-2.325614333669748235e-02,1.000000000000000000e+00
1.817670781813788938e+00,2.019955030322027056e-01,1.000000000000000000e+00
5.872617489162472726e-01,8.570422628734502002e-01,0.000000000000000000e+00
4.648677626830619025e-01,-2.287075398372500068e-01,1.000000000000000000e+00
-3.313486937098872320e-01,8.781833875496888320e-01,0.000000000000000000e+00
4.398626250333265153e-02,8.903142283464114959e-01,0.000000000000000000e+00
-1.079577864476460869e-02,7.409374145252505262e-01,0.000000000000000000e+00
1.417064193677136430e+00,-5.611512976893212601e-01,1.000000000000000000e+00
1.883898142673080089e+00,-4.620313799300809765e-02,1.000000000000000000e+00
6.014242417682907904e-01,-5.737821718425821782e-01,1.000000000000000000e+00
1.157548029495715891e+00,1.753249850645301200e-01,0.000000000000000000e+00
3.407735719253958129e-01,-2.571400387939031251e-01,1.000000000000000000e+00
1.531152855394323664e+00,-2.759205515027184363e-01,1.000000000000000000e+00
1.847102776793001777e-01,-2.439025401549941852e-01,1.000000000000000000e+00
-7.036221139058982388e-01,4.585067321614504920e-01,0.000000000000000000e+00
5.926963626920181971e-01,1.006177165657324624e+00,0.000000000000000000e+00
1.041817378419804679e-01,1.347376499588465726e-01,1.000000000000000000e+00
8.280761995264991349e-01,-6.020823316477933451e-01,1.000000000000000000e+00
1.320426161345627236e-01,-2.838726654012103667e-01,1.000000000000000000e+00
8.934574353938129487e-01,5.397531091339344833e-01,0.000000000000000000e+00
1.068684281992285268e+00,-4.841456391823020233e-01,1.000000000000000000e+00
1.117169745710393514e+00,-3.269744045657735354e-01,1.000000000000000000e+00
-1.112701857324792432e+00,3.896371678075255529e-02,0.000000000000000000e+00
1.293909560277206605e+00,-4.457422191797009714e-01,1.000000000000000000e+00
7.578816613995892348e-01,-3.770757614735168461e-01,1.000000000000000000e+00
5.853307822935908122e-01,7.919124060443217816e-01,0.000000000000000000e+00
-8.041835646281980665e-01,8.629873701068457859e-01,0.000000000000000000e+00
1.861537964495433961e+00,2.079437060419804806e-01,1.000000000000000000e+00
8.820729799296848084e-01,3.136434363516608093e-01,0.000000000000000000e+00
1.930372901659117013e-01,-3.632736199949480049e-01,1.000000000000000000e+00
1.378916578399278281e+00,-7.132481707441510332e-01,1.000000000000000000e+00
9.881172094766274006e-01,2.070942954026224192e-01,0.000000000000000000e+00
-1.551154389626881458e-01,1.007769192810089365e+00,0.000000000000000000e+00
1.707881521559662330e+00,1.573960896088459349e-01,1.000000000000000000e+00
-5.149520215558135439e-01,9.871288642681231851e-01,0.000000000000000000e+00
1.088845599934943786e+00,-6.707162632627586829e-01,1.000000000000000000e+00
1.217426370390650714e-01,1.833529166714200909e-01,1.000000000000000000e+00
4.508268902850254833e-01,-1.233696478184248685e-01,1.000000000000000000e+00
-2.409067988478554301e-01,1.025301397551134031e+00,0.000000000000000000e+00
-9.196402930397497011e-01,4.671333174275330014e-01,0.000000000000000000e+00
-7.474494638369915123e-01,5.075928136896241671e-01,0.000000000000000000e+00
1.043332848929359180e+00,-7.411544884384391185e-01,1.000000000000000000e+00
-7.711971320900903315e-01,5.302865804544723005e-01,0.000000000000000000e+00
4.423274779974253335e-01,-3.149765375004207058e-01,1.000000000000000000e+00
2.099196391430246500e+00,2.769033509813010885e-01,1.000000000000000000e+00
1.316915365722646003e+00,-5.499692229774776342e-01,1.000000000000000000e+00
1.854778715175390946e+00,3.542544341274949105e-01,1.000000000000000000e+00
-3.632164022489715038e-01,9.895688282233308097e-01,0.000000000000000000e+00
5.171568624835647388e-01,9.776447538637759171e-01,0.000000000000000000e+00
8.424161309357837135e-01,1.159801345636329029e-01,0.000000000000000000e+00
-9.118276692862461452e-01,6.112495534121543672e-01,0.000000000000000000e+00
6.531753564089450848e-01,-4.837943118383786767e-01,1.000000000000000000e+00
2.347598069480633792e-02,5.348271554300413344e-01,1.000000000000000000e+00
5.693724457427572216e-02,-5.683785866000362619e-02,1.000000000000000000e+00
5.499266036484123932e-03,-1.986645437772361911e-01,1.000000000000000000e+00
1.918570778597492366e+00,5.624075069392137083e-01,1.000000000000000000e+00
8.210208205815465732e-01,2.224071196931699246e-01,0.000000000000000000e+00
1.192551182190146442e+00,-8.099976690949033387e-01,1.000000000000000000e+00
-2.370462639182035203e-01,1.055165056280542357e+00,0.000000000000000000e+00
-2.322362784386610979e-01,9.310326566106602586e-01,0.000000000000000000e+00
7.339315365080223419e-01,6.123622940719859464e-01,0.000000000000000000e+00
3.533100036280139022e-01,6.652620313930697193e-01,0.000000000000000000e+00
-8.050046519935745160e-01,3.712291915888163985e-01,0.000000000000000000e+00
1.118098324968064494e+00,-6.907110760281938155e-01,1.000000000000000000e+00
2.977431059228767274e-01,8.892255425475967812e-01,0.000000000000000000e+00
1.010421091083804290e+00,9.915708370288991991e-02,0.000000000000000000e+00
6.863870212873235399e-01,9.169311067505913071e-01,0.000000000000000000e+00
-7.721810728597876261e-02,7.919953220336152233e-01,0.000000000000000000e+00
5.224562765510427642e-01,-3.791905199917360303e-01,1.000000000000000000e+00
-6.303002216974895600e-02,-4.218112181891506274e-02,1.000000000000000000e+00
-7.058467472954185196e-01,7.795483833368007653e-01,0.000000000000000000e+00
3.058151422032023836e-02,9.753880233848198911e-01,0.000000000000000000e+00
1.643975844815089626e+00,-3.115588920789759686e-01,1.000000000000000000e+00
2.452497069242640798e-02,1.441341867705331625e-01,1.000000000000000000e+00
9.133222969269394476e-01,1.052606857356050418e-01,0.000000000000000000e+00
2.243789701694890226e+00,2.474924359052867173e-01,1.000000000000000000e+00
-9.586144889887561471e-02,3.781456216081962585e-01,1.000000000000000000e+00
-8.763415888549080934e-01,2.936059716427473210e-01,0.000000000000000000e+00
-1.301048323730352507e+00,3.939120410960207375e-01,0.000000000000000000e+00
2.235218652638239489e-01,1.123773333615186720e+00,0.000000000000000000e+00
1.888201167703357219e+00,6.042866389755630063e-01,1.000000000000000000e+00
1.999700415374540130e+00,3.004114415260749071e-01,1.000000000000000000e+00
8.326699331263773818e-01,-3.182726374685380666e-01,1.000000000000000000e+00
1.651349558929904981e+00,-1.412820739397589453e-01,1.000000000000000000e+00
-7.900502199500085698e-01,6.460455909204274594e-01,0.000000000000000000e+00
1.257985907872649634e+00,2.503008806730024904e-01,0.000000000000000000e+00
5.449997361382108441e-01,9.953559095260793299e-01,0.000000000000000000e+00
2.265010028621241775e-02,4.612731328016875798e-01,1.000000000000000000e+00
1.013811484657147544e+00,-4.417699422129528486e-01,1.000000000000000000e+00
1.657486317320622460e+00,2.275700027431258321e-01,1.000000000000000000e+00
8.245636663200466288e-01,4.370006017466075421e-01,0.000000000000000000e+00
-8.944907230500462880e-01,3.611943632838787721e-02,0.000000000000000000e+00
1.464802921686611636e+00,-4.489028967826179661e-01,1.000000000000000000e+00
8.148901642305945714e-01,6.794337085512975882e-01,0.000000000000000000e+00
-4.768614244584531425e-01,1.051227815935783294e+00,0.000000000000000000e+00
1.819289903259598551e-01,-3.703498552943252919e-01,1.000000000000000000e+00
-1.014480833417889416e+00,3.050678720428037227e-01,0.000000000000000000e+00
-8.002135617255586864e-01,5.650311374034703293e-01,0.000000000000000000e+00
1.290165297461025665e-02,2.746178057730306876e-01,1.000000000000000000e+00
1.631903251832421464e+00,-2.947275066999698878e-01,1.000000000000000000e+00
8.215940792036280360e-01,-6.092310004688858971e-01,1.000000000000000000e+00
1.107209573104818157e+00,-5.066063794179399560e-01,1.000000000000000000e+00
-5.527155190813114183e-02,1.338008439937604876e+00,0.000000000000000000e+00
6.337791408180994956e-01,-3.239804706169664428e-01,1.000000000000000000e+00
1.122620312082274197e+00,-6.782861742015036111e-01,1.000000000000000000e+00
1.715649158469450208e+00,-4.778360750829747650e-01,1.000000000000000000e+00
8.616399821039540941e-01,-3.745216507084836444e-01,1.000000000000000000e+00
1.673062786588611406e+00,2.168294105604864352e-01,1.000000000000000000e+00
4.970595771984779310e-01,1.049186598482457766e+00,0.000000000000000000e+00
2.002564682986733402e+00,-1.070352029238432340e-01,1.000000000000000000e+00
2.162837052788066095e-01,-4.148219348920527683e-01,1.000000000000000000e+00
-6.524941309039175574e-02,4.157901433882263964e-01,1.000000000000000000e+00
-4.051191266845310252e-02,3.556281773723137252e-01,1.000000000000000000e+00
-4.433396992783618651e-01,9.003720959858597661e-01,0.000000000000000000e+00
3.042774813816521151e-01,6.923640807493143257e-01,0.000000000000000000e+00
4.107919331833986831e-01,-2.114815939444470438e-01,1.000000000000000000e+00
8.309980635625500156e-01,2.922974413246177683e-01,0.000000000000000000e+00
1.652381671029305554e+00,5.782806122414264893e-02,1.000000000000000000e+00
1.440174982753762878e+00,-2.658581654069629985e-01,1.000000000000000000e+00
-7.799325611360442556e-01,4.667243020370522855e-01,0.000000000000000000e+00
2.362109727912025114e-01,1.225464173872585771e-01,1.000000000000000000e+00
7.137652230619567773e-02,1.021417550634814209e+00,0.000000000000000000e+00
1.024088855948069643e+00,-5.578385088968313976e-01,1.000000000000000000e+00
1.378739039433523716e+00,-5.772345015400520696e-01,1.000000000000000000e+00
6.424043068123621580e-01,-5.656311439820032039e-01,1.000000000000000000e+00
2.099469353248005987e+00,2.327252709410142784e-01,1.000000000000000000e+00
8.084580758412137635e-01,-4.059308420249427285e-01,1.000000000000000000e+00
1.000515161963107663e-01,1.801683768128591601e-01,1.000000000000000000e+00
-1.308496554610590404e-02,4.434030095166280327e-01,1.000000000000000000e+00
5.128323405154118220e-01,6.990832881445852021e-01,0.000000000000000000e+00
-5.165951542902654792e-01,8.306073000675318063e-01,0.000000000000000000e+00
1.499695709088291640e+00,-6.180253372866959527e-01,1.000000000000000000e+00
1.531584628822959537e-01,7.328535999064675899e-01,0.000000000000000000e+00
3.107738657268647176e-01,1.738234046126991839e-01,1.000000000000000000e+00
2.005918466949738299e+00,7.662250872667505930e-02,1.000000000000000000e+00
-7.335554153804708655e-01,4.902391961302798307e-01,0.000000000000000000e+00
8.597906789137635952e-01,3.142244984111872141e-01,0.000000000000000000e+00
9.475045596622096999e-01,7.452213797008007123e-01,0.000000000000000000e+00
-7.780133542046959727e-01,1.910941630328484298e-01,0.000000000000000000e+00
8.538362659832230417e-01,1.636051818437862515e-01,0.000000000000000000e+00
4.952466394142965855e-01,9.783288320358133339e-01,0.000000000000000000e+00
-2.758228295531341412e-01,1.053266699832508646e+00,0.000000000000000000e+00
-5.427637190238446818e-01,7.557341092902292168e-01,0.000000000000000000e+00
1.079789320002155911e-01,-1.241874672063753154e-01,1.000000000000000000e+00
3.075604562412800336e-01,-2.596930055094829326e-01,1.000000000000000000e+00
-1.959183035271667983e-02,2.351240587336024812e-01,1.000000000000000000e+00
1.256353831600998339e+00,1.869132779210015416e-01,0.000000000000000000e+00
-3.823262232478141787e-01,9.203086149179580122e-01,0.000000000000000000e+00
2.843648725931949839e-01,4.269486663745837296e-01,1.000000000000000000e+00
4.202386287053753167e-01,1.047096230458774757e+00,0.000000000000000000e+00
-1.567148363089039265e-01,1.006081161669405200e+00,0.000000000000000000e+00
-9.876783461267143460e-01,2.644162854692219122e-01,0.000000000000000000e+00
6.113389891606839655e-01,-7.588755025153171019e-01,1.000000000000000000e+00
1.625427383306546902e+00,-1.628840710321234342e-01,1.000000000000000000e+00
1.842371571312144019e+00,-1.218391710501733893e-01,1.000000000000000000e+00
7.952862154315438747e-01,7.884260567899037397e-01,0.000000000000000000e+00
1.648222158465299181e+00,-6.084163558458293569e-02,1.000000000000000000e+00
1.085907412023827012e+00,2.714732782422982216e-01,0.000000000000000000e+00
-5.127793362122673448e-01,7.860019568754434971e-01,0.000000000000000000e+00
8.459776299327784743e-01,-6.694153160615659015e-01,1.000000000000000000e+00
9.851105464950806745e-01,9.235531282052927837e-02,0.000000000000000000e+00
1.422467976524122990e-01,3.356775334522618670e-01,1.000000000000000000e+00
-8.060641489583122432e-01,3.400153652390773829e-01,0.000000000000000000e+00
7.572821165173321267e-01,4.681487724451035004e-01,0.000000000000000000e+00
6.483369057249748213e-01,7.142287378122885722e-01,0.000000000000000000e+00
1.678266941251145561e-02,1.040475446450682018e+00,0.000000000000000000e+00
2.036643499792091916e+00,6.352791333041788446e-01,1.000000000000000000e+00
6.286852982700621428e-01,-7.838450438510893292e-01,1.000000000000000000e+00
9.507199548063076655e-01,3.823856950518017550e-01,0.000000000000000000e+00
1.505028352250235013e+00,-4.595432141060058484e-01,1.000000000000000000e+00
1.275040760519154714e+00,-4.128918410106065529e-01,1.000000000000000000e+00
1.692125708333869216e+00,2.208768350962367344e-01,1.000000000000000000e+00
-2.597807486693335943e-01,8.743160065622777033e-01,0.000000000000000000e+00
1.321663328220324951e-01,9.174603601637175698e-01,0.000000000000000000e+00
6.966500240765389762e-01,-3.876166267207799970e-02,0.000000000000000000e+00
1.178232794270879680e+00,-5.820529328965899918e-01,1.000000000000000000e+00
-3.218253070086189438e-01,9.618778938995151684e-01,0.000000000000000000e+00
3.790545604268771296e-01,-2.064189224846524340e-01,1.000000000000000000e+00
-7.081385417150967698e-02,1.045147568809411176e+00,0.000000000000000000e+00
1.093565279012569391e+00,3.637022271007082086e-01,0.000000000000000000e+00
3.515621582511870846e-01,-4.225595533051751396e-01,1.000000000000000000e+00
4.703085904887445712e-01,5.417497414470400230e-01,0.000000000000000000e+00
8.760463507465093835e-01,8.437180019957390975e-01,0.000000000000000000e+00
9.498932679416627334e-01,3.239912820088187151e-01,0.000000000000000000e+00
-1.489384778511799456e-01,3.422810908749633896e-01,1.000000000000000000e+00
6.589437770453195897e-01,1.064221367787336003e+00,0.000000000000000000e+00
2.393561724470224306e+00,3.418549537832837881e-01,1.000000000000000000e+00
1.079477574859186495e+00,-5.611184215038707013e-01,1.000000000000000000e+00
-1.006171626374024797e+00,5.094713858084747304e-01,0.000000000000000000e+00
5.635087381895766967e-01,-3.746544140181958804e-01,1.000000000000000000e+00
4.249678446533352583e-01,9.303372091607101657e-01,0.000000000000000000e+00
2.370582107981407671e-01,-2.905599958022864193e-01,1.000000000000000000e+00
7.867263205483845390e-01,-7.346650739891416038e-01,1.000000000000000000e+00
-1.097698614867490985e+00,5.851904369457658905e-01,0.000000000000000000e+00
8.132655558361931991e-01,-2.408266239067971826e-01,1.000000000000000000e+00
1.480708904877715781e+00,-5.280040278958377797e-01,1.000000000000000000e+00
5.173911935077298851e-01,8.138063207716368375e-01,0.000000000000000000e+00
-6.650403688787162038e-01,8.299743818120661754e-01,0.000000000000000000e+00
-9.305827130158781380e-01,4.912562591331881001e-01,0.000000000000000000e+00
1.961057333212585352e+00,2.578107128570596984e-01,1.000000000000000000e+00
6.111965430700081470e-01,-6.239691324742973055e-01,1.000000000000000000e+00
-9.636823058522315799e-01,-1.333080386030444930e-01,0.000000000000000000e+00
-5.703128217967862179e-01,9.152188801788541106e-01,0.000000000000000000e+00
1.101368154724196913e+00,-2.599583999646966070e-01,1.000000000000000000e+00
-8.113999476234723396e-01,9.399625561740301283e-01,0.000000000000000000e+00
1.026254960257031223e+00,-4.777944585828426960e-01,1.000000000000000000e+00
-5.722005381481695130e-01,8.370702287733041702e-01,0.000000000000000000e+00
7.824926632634279233e-01,-5.113200441813637864e-01,1.000000000000000000e+00
1.403170887341233936e-03,2.331942820422163720e-01,1.000000000000000000e+00
7.575173140013168327e-01,5.069410656222375078e-01,0.000000000000000000e+00
1.329602554871259223e-01,1.710737294223486915e-01,1.000000000000000000e+00
-7.831921201361692342e-01,6.216516997089408525e-01,0.000000000000000000e+00
1.161729595557135619e+00,-3.838776999516144706e-01,0.000000000000000000e+00
-2.224551587918394691e-01,8.218770386417910689e-01,0.000000000000000000e+00
1.899265775759348740e+00,2.974103608904286877e-02,1.000000000000000000e+00
-2.775288520845595741e-01,8.678935898842489172e-01,0.000000000000000000e+00
1.896296294306155206e+00,6.314654964840011875e-01,1.000000000000000000e+00
1.341211013432594745e+00,-2.151495314337591169e-01,1.000000000000000000e+00
1.118834671702928052e+00,-5.613072421042295534e-01,1.000000000000000000e+00
4.173935936438318284e-01,9.865942970000498580e-01,0.000000000000000000e+00
5.413838094276621771e-01,5.916774818026511173e-01,0.000000000000000000e+00
4.207612251184892904e-01,8.774075375462014881e-01,0.000000000000000000e+00
-1.663697204879803215e-01,1.068126721178548566e+00,0.000000000000000000e+00
2.000405203084139494e+00,5.368940989341017822e-01,1.000000000000000000e+00
-9.177405941143477186e-01,-1.065836607321389018e-01,0.000000000000000000e+00
6.448875181167669224e-01,-3.175107067301629060e-01,1.000000000000000000e+00
9.731831066123225460e-01,4.115798471784934964e-01,0.000000000000000000e+00
1.317105997309074183e+00,-5.667461327881175848e-01,1.000000000000000000e+00
-1.019435831590829844e+00,1.910449342117691574e-01,0.000000000000000000e+00
-1.284779260093256159e+00,2.718615970188191511e-02,0.000000000000000000e+00
-2.446992073605951112e-01,1.115021953576155633e+00,0.000000000000000000e+00
1.103223806915779731e-01,-1.617872109368050926e-01,1.000000000000000000e+00
-5.446657903454523719e-01,9.257208977927094962e-01,0.000000000000000000e+00
5.222425803099359776e-01,-8.649542600395401237e-01,1.000000000000000000e+00
-8.473453198446748713e-01,4.363322818205908060e-01,0.000000000000000000e+00
1.747960443366454397e+00,-2.872720543736970722e-01,1.000000000000000000e+00
2.052544746461821834e+00,5.358023777525271480e-01,1.000000000000000000e+00
3.641028763549097880e-01,-3.573319257220058387e-01,1.000000000000000000e+00
8.524851694923677448e-01,9.938155534820714010e-02,0.000000000000000000e+00
-9.594367715669527286e-02,1.053221251914755019e+00,0.000000000000000000e+00
4.203947529363762925e-01,-3.632838719650258730e-01,1.000000000000000000e+00
-4.098606088464845643e-01,8.914977115866552504e-01,0.000000000000000000e+00
7.102818602005243898e-02,-1.584082258616240635e-01,1.000000000000000000e+00
-8.134645890613273478e-01,4.997933116990188052e-01,0.000000000000000000e+00
-1.243402843792894785e+00,-6.862585821357986005e-03,0.000000000000000000e+00
1.707167654140167246e+00,-1.531000799445341176e-01,1.000000000000000000e+00
1.844476721381388185e+00,5.767407774215264904e-02,1.000000000000000000e+00
-9.555515820887506839e-01,1.964997935938146700e-01,0.000000000000000000e+00
1.825761657788960823e+00,-5.003126903333351416e-01,1.000000000000000000e+00
-2.394500789352335679e-01,8.827912620566067403e-01,0.000000000000000000e+00
-1.911144645097637151e-01,9.421854149661186284e-01,0.000000000000000000e+00
1.887362289022478379e+00,-1.491915850529831888e-02,1.000000000000000000e+00
1.000725543525600614e+00,4.804973969531721179e-01,0.000000000000000000e+00
-8.149511283900405800e-01,5.909838058033218822e-01,0.000000000000000000e+00
-6.509716898231862059e-01,8.189378264117920248e-01,0.000000000000000000e+00
8.097688740202951818e-01,6.172421923112068054e-01,0.000000000000000000e+00
2.925927340119554021e-01,9.931857489145554663e-01,0.000000000000000000e+00
-5.852564074469471245e-02,1.478982678654792160e-01,1.000000000000000000e+00
1.259668994195039859e+00,-2.866311475080572380e-01,1.000000000000000000e+00
1.854088703147577510e-01,1.185145944438093180e+00,0.000000000000000000e+00
1.154939212831845863e+00,-1.283489437778488618e-01,0.000000000000000000e+00
-1.001506747757332061e+00,5.283115540240013175e-01,0.000000000000000000e+00
1.960871499211955138e+00,-1.020346133475869971e-01,1.000000000000000000e+00
1.844060596865402801e-01,4.460936332506343360e-02,1.000000000000000000e+00
6.758997299274187576e-01,4.261737892325830890e-01,0.000000000000000000e+00
-5.520871179151569663e-01,8.782600712396072540e-01,0.000000000000000000e+00
-9.026050759336036178e-01,4.182675737451996834e-01,0.000000000000000000e+00
-1.048293640075155103e-01,7.977428581548688946e-01,0.000000000000000000e+00
8.808407736212011674e-01,2.089683893769571921e-01,0.000000000000000000e+00
1.585584170045634789e+00,-3.776873660475618677e-01,1.000000000000000000e+00
1.225348988267964678e+00,-4.728384527224850920e-01,1.000000000000000000e+00
6.286122816016657122e-01,6.207989695299870325e-01,0.000000000000000000e+00
-9.471478222748888065e-01,4.928689389547188937e-01,0.000000000000000000e+00
1.373176161151423713e-01,9.555308222675066299e-01,0.000000000000000000e+00
1.567190342257861024e+00,-5.434360691115189823e-01,1.000000000000000000e+00
-1.195421745800536950e+00,2.915308060626369269e-01,0.000000000000000000e+00
8.636632034012978743e-01,6.156248862280208067e-01,0.000000000000000000e+00
9.160455066808229074e-02,1.156193187666101907e-02,1.000000000000000000e+00
2.507779692610582201e-01,2.887336064460899188e-01,1.000000000000000000e+00
-8.848813003083472184e-02,6.475799253987440940e-01,1.000000000000000000e+00
1.512971303334583073e+00,-2.865514906393284433e-01,1.000000000000000000e+00
4.447242582460831373e-01,-8.147494208305491314e-01,1.000000000000000000e+00
1.111406497254523229e+00,3.664324557444663677e-01,0.000000000000000000e+00
7.755263868371029545e-01,9.817783639558697040e-01,0.000000000000000000e+00
-8.447459783813932033e-01,5.897899147773699724e-01,0.000000000000000000e+00
3.479660447755253405e-02,-4.394286016269141060e-01,1.000000000000000000e+00
1.823660864529009773e+00,2.351641299822442854e-01,1.000000000000000000e+00
1.778799352885244600e+00,-1.758608942917320173e-01,1.000000000000000000e+00
-9.694159247547579072e-01,2.044468151056869631e-01,0.000000000000000000e+00
1.667960103641138891e+00,-1.477401177926146725e-01,1.000000000000000000e+00
3.941133873426300172e-02,1.251684238606786126e-01,1.000000000000000000e+00
-4.586778974199536285e-01,1.189341083523969500e+00,0.000000000000000000e+00
5.925900246249804493e-01,-3.418232849049591682e-01,1.000000000000000000e+00
1.570008837880848551e+00,-3.931603575051883515e-01,1.000000000000000000e+00
-8.596018260221824914e-01,7.590271526190106588e-01,0.000000000000000000e+00
1.649414625066903284e+00,-2.005904911028253412e-01,1.000000000000000000e+00
2.518542843789769448e-01,9.834188588592039926e-01,0.000000000000000000e+00
7.437918092471389464e-01,4.333895403485982234e-01,0.000000000000000000e+00
2.028657323810146573e-01,1.060973364895883703e-01,1.000000000000000000e+00
1.910131675970061726e+00,1.731327879935691816e-01,1.000000000000000000e+00
1.529123342595856416e-01,-4.253063135547789642e-02,1.000000000000000000e+00
1.737578979365161924e+00,1.576364559399507093e-01,1.000000000000000000e+00
5.406222968409253316e-01,9.192082320962079445e-01,0.000000000000000000e+00
5.055014647885139878e-01,-1.993445708672587080e-01,1.000000000000000000e+00
-3.566166095731077013e-01,8.373938104499902835e-01,0.000000000000000000e+00
1.861038242046481050e-02,8.377202232188278863e-01,0.000000000000000000e+00
1.140642409345857256e-01,6.286713321066804694e-01,0.000000000000000000e+00
1.445264620430826819e+00,-6.253789125889476219e-01,1.000000000000000000e+00
1.878680968098345394e+00,-9.560323511769480698e-02,1.000000000000000000e+00
5.425427936441592491e-01,-6.307919868893302473e-01,1.000000000000000000e+00
1.245297337182818875e+00,1.686755639490505332e-01,0.000000000000000000e+00
3.024884622014915037e-01,-2.293506905897594594e-01,1.000000000000000000e+00
1.531670321122638567e+00,-2.399188635356357957e-01,1.000000000000000000e+00
9.349744488240868678e-02,-2.287223449318941115e-01,1.000000000000000000e+00
-6.649873720507790686e-01,3.754268176057223294e-01,0.000000000000000000e+00
6.151061269131837816e-01,1.090986244298732588e+00,0.000000000000000000e+00
1.034388526742453379e-01,1.758079468100871567e-01,1.000000000000000000e+00
8.618752771896943665e-01,-6.344802768986961272e-01,1.000000000000000000e+00
9.761855656222964694e-02,-2.970072667435433855e-01,1.000000000000000000e+00
8.785164618730438857e-01,5.976390707484440235e-01,0.000000000000000000e+00
1.097166906200057968e+00,-4.815191019407463191e-01,1.000000000000000000e+00
1.080406680145488352e+00,-3.016435152737271252e-01,1.000000000000000000e+00
-1.142708317746479407e+00,-7.379416122575810366e-03,0.000000000000000000e+00
1.329550454047775609e+00,-4.362339408219554904e-01,1.000000000000000000e+00
7.855074261130137181e-01,-3.675139318852262416e-01,1.000000000000000000e+00
6.110357006506715871e-01,7.723816382453173590e-01,0.000000000000000000e+00
-8.352108498817321092e-01,8.834352056552946530e-01,0.000000000000000000e+00
1.837435674570218724e+00,1.872572127094744854e-01,1.000000000000000000e+00
8.684070048241645523e-01,3.141678111224124881e-01,0.000000000000000000e+00
1.824174728283071978e-01,-4.045221587974885957e-01,1.000000000000000000e+00
1.359608026314291562e+00,-7.799502653108838501e-01,1.000000000000000000e+00
1.006874153007442985e+00,1.590325657344199839e-01,0.000000000000000000e+00
-1.882469391455416363e-01,1.009334145187918530e+00,0.000000000000000000e+00
1.685694631667922883e+00,2.036865274710479845e-01,1.000000000000000000e+00
-5.537377288475169301e-01,9.951403903485986913e-01,0.000000000000000000e+00
1.087667115388118999e+00,-7.057590681949945655e-01,1.000000000000000000e+00
1.374409368550176813e-01,1.782065267347526516e-01,1.000000000000000000e+00
4.739806068214355017e-01,-9.866452319951291017e-02,1.000000000000000000e+00
-1.760097203694347412e-01,1.065397236034225648e+00,0.000000000000000000e+00
-9.307157481780230501e-01,4.599519421002552511e-01,0.000000000000000000e+00
-7.144596759603780711e-01,5.272507256113020402e-01,0.000000000000000000e+00
1.062536794712287014e+00,-7.896631697677640727e-01,1.000000000000000000e+00
-7.719269158220584126e-01,5.081456531783016262e-01,0.000000000000000000e+00
4.507252159687225035e-01,-3.179210491897094260e-01,1.000000000000000000e+00
2.126501758673024156e+00,2.864198974370401607e-01,1.000000000000000000e+00
1.340505204585915155e+00,-5.639617958795559716e-01,1.000000000000000000e+00
1.826445327497843385e+00,3.419529433314184574e-01,1.000000000000000000e+00
-3.637270146648147184e-01,1.000943380289983198e+00,0.000000000000000000e+00
5.849361310042903161e-01,9.763770393139566961e-01,0.000000000000000000e+00
8.137377809210004642e-01,1.056006812926513078e-01,0.000000000000000000e+00
-9.257355485256290040e-01,6.256939976253582669e-01,0.000000000000000000e+00
6.069514459756062408e-01,-4.818964520123687478e-01,1.000000000000000000e+00
2.817117683376760273e-02,5.417925865160496679e-01,1.000000000000000000e+00
3.901776250531484302e-02,-6.397551055208383630e-02,1.000000000000000000e+00
-3.722256123299183539e-02,-2.134641402781020103e-01,1.000000000000000000e+00
1.902284934316990750e+00,5.748890083270564721e-01,1.000000000000000000e+00
7.863353476268891695e-01,2.458430627444697092e-01,0.000000000000000000e+00
1.237385718524887546e+00,-8.720972198453094126e-01,1.000000000000000000e+00
-2.242585019948604708e-01,1.075472297331449667e+00,0.000000000000000000e+00
-2.513593892052279899e-01,9.191145021807962667e-01,0.000000000000000000e+00
7.299451191804137151e-01,6.034285676899341366e-01,0.000000000000000000e+00
3.440396145566002595e-01,6.149819172031703030e-01,0.000000000000000000e+00
-7.704347050500809369e-01,4.036177493499210622e-01,0.000000000000000000e+00
1.093697397191938370e+00,-7.347038058622692436e-01,1.000000000000000000e+00
3.133750522164595043e-01,8.719519034532048352e-01,0.000000000000000000e+00
1.014679685983427726e+00,8.957723118853705424e-02,0.000000000000000000e+00
7.071331838194291342e-01,9.377735810602714217e-01,0.000000000000000000e+00
-9.898602863988628653e-02,7.504944033717635410e-01,0.000000000000000000e+00
4.749681246309903626e-01,-3.608791386185198347e-01,1.000000000000000000e+00
-9.869579990326982077e-02,-5.738561244787568350e-02,1.000000000000000000e+00
-7.237361684489337366e-01,7.779713644487143975e-01,0.000000000000000000e+00
-2.750687995507494765e-02,9.810513812886347829e-01,0.000000000000000000e+00
1.659692575530115954e+00,-3.089062294676361287e-01,1.000000000000000000e+00
1.519838554147225768e-02,1.470561917585966605e-01,1.000000000000000000e+00
9.252936872961432524e-01,2.208290304280557947e-02,0.000000000000000000e+00
2.302467070942411098e+00,2.591952355859244994e-01,1.000000000000000000e+00
-1.154337063704862082e-01,3.664170203525682346e-01,1.000000000000000000e+00
-8.615293355344324500e-01,2.901228534717163465e-01,0.000000000000000000e+00
-1.361968857763797391e+00,4.558468269368002312e-01,0.000000000000000000e+00
2.202056455468497653e-01,1.154378514966660774e+00,0.000000000000000000e+00
1.867439672269825435e+00,6.503779506029370161e-01,1.000000000000000000e+00
2.008290726041308538e+00,3.186767565603384478e-01,1.000000000000000000e+00
8.013123321419686196e-01,-2.819382787780570498e-01,1.000000000000000000e+00
1.672044103865948594e+00,-1.022266870528089899e-01,1.000000000000000000e+00
-8.088928467392558774e-01,6.316147773666038745e-01,0.000000000000000000e+00
1.327103408803167905e+00,2.185004059913560892e-01,0.000000000000000000e+00
5.409212451178612158e-01,1.029462650404160184e+00,0.000000000000000000e+00
2.558184931765808759e-02,4.787617431942863266e-01,1.000000000000000000e+00
1.001828013779261450e+00,-4.306682655775272983e-01,1.000000000000000000e+00
1.618290511768563089e+00,2.773139231316714692e-01,1.000000000000000000e+00
8.210187449661895398e-01,4.165952556267020213e-01,0.000000000000000000e+00
-8.744992305890888495e-01,2.229784270673126900e-02,0.000000000000000000e+00
1.424775167544529042e+00,-4.893044219565446662e-01,1.000000000000000000e+00
8.357033588112985356e-01,6.746465054069096245e-01,0.000000000000000000e+00
-4.808724712485062946e-01,1.083560130115071019e+00,0.000000000000000000e+00
1.481242160632575411e-01,-3.922701878802700159e-01,1.000000000000000000e+00
-1.026027227693327770e+00,3.078984197223159636e-01,0.000000000000000000e+00
-8.014787052642761145e-01,5.564245216317731391e-01,0.000000000000000000e+00
1.105286091174083503e-02,2.713986474842954300e-01,1.000000000000000000e+00
1.610315120175867643e+00,-3.191172963565921950e-01,1.000000000000000000e+00
8.298295699353461785e-01,-6.359584529587517521e-01,1.000000000000000000e+00
1.072488915329092629e+00,-5.159751469517107614e-01,1.000000000000000000e+00
-6.000156239304561823e-02,1.405710144856551214e+00,0.000000000000000000e+00
6.126381325424125057e-01,-2.956826488678815923e-01,1.000000000000000000e+00
1.145035962108413186e+00,-7.139545228576157365e-01,1.000000000000000000e+00
1.738846747791528147e+00,-5.133524942887742748e-01,1.000000000000000000e+00
7.818648149640519129e-01,-3.563320649777022009e-01,1.000000000000000000e+00
1.620386069085479663e+00,2.303574444146638811e-01,1.000000000000000000e+00
4.765392502663614582e-01,1.098973122368154032e+00,0.000000000000000000e+00
2.034619964966213779e+00,-1.206367770393848710e-01,1.000000000000000000e+00
1.956485769479461290e-01,-4.512442569848764129e-01,1.000000000000000000e+00
-7.847709205916950093e-02,4.073794785326911305e-01,1.000000000000000000e+00
-5.145271900020366440e-02,3.603292930304846653e-01,1.000000000000000000e+00
-4.259840543464955553e-01,9.108617296956550424e-01,0.000000000000000000e+00
2.813531636644588385e-01,6.492303365352669609e-01,0.000000000000000000e+00
4.517278886264728399e-01,-2.321650694809451743e-01,1.000000000000000000e+00
8.114292555644994076e-01,2.766617619555844509e-01,0.000000000000000000e+00
1.597089584524606032e+00,4.348884110292804139e-02,1.000000000000000000e+00
1.425785308333524570e+00,-2.472474164566576538e-01,1.000000000000000000e+00
-7.589788466628241137e-01,4.668374287096403452e-01,0.000000000000000000e+00
2.641664240146316400e-01,1.327453669012964577e-01,1.000000000000000000e+00
7.090605895811903647e-02,1.026245395683760719e+00,0.000000000000000000e+00
1.018369251140627707e+00,-5.696839943178348964e-01,1.000000000000000000e+00
1.370707033326704849e+00,-6.110748414841522536e-01,1.000000000000000000e+00
6.508175579718510351e-01,-5.954248523098906176e-01,1.000000000000000000e+00
2.124718291170214712e+00,2.252415135361858223e-01,1.000000000000000000e+00
8.099429252907165422e-01,-3.911157387365140625e-01,1.000000000000000000e+00
1.193509501481985896e-01,1.330496745538555792e-01,1.000000000000000000e+00
-1.929207583102505313e-02,4.698083768790514703e-01,1.000000000000000000e+00
4.618891659324441124e-01,7.107017024064370414e-01,0.000000000000000000e+00
-5.842620811723311380e-01,7.999320947584637187e-01,0.000000000000000000e+00
1.500854625643497364e+00,-6.677267903563546270e-01,1.000000000000000000e+00
1.235931407517714409e-01,6.886985496825599462e-01,0.000000000000000000e+00
3.602179136930914738e-01,1.787502372773192016e-01,1.000000000000000000e+00
2.022937175285318467e+00,6.994225571122042462e-02,1.000000000000000000e+00
-7.441583678431868965e-01,4.417449704707488434e-01,0.000000000000000000e+00
8.510355580313276880e-01,2.913797320568385363e-01,0.000000000000000000e+00
9.732422773909797931e-01,7.794544357005278590e-01,0.000000000000000000e+00
-7.340159927374706461e-01,2.166707212166854024e-01,0.000000000000000000e+00
8.358766478755335072e-01,1.301282722649744206e-01,0.000000000000000000e+00
5.182465348636491331e-01,9.890176165599819935e-01,0.000000000000000000e+00
-3.288789830734450415e-01,1.063931153614821712e+00,0.000000000000000000e+00
-5.183281243492087187e-01,7.575018769656780560e-01,0.000000000000000000e+00
1.024273218699353477e-01,-1.484169218348659891e-01,1.000000000000000000e+00
2.641644152543784485e-01,-2.356840670292821016e-01,1.000000000000000000e+00
-2.886526369586794177e-02,2.281200588872916990e-01,1.000000000000000000e+00
1.308335467208572300e+00,2.074483111267772517e-01,0.000000000000000000e+00
-3.712014732093811276e-01,9.245704690735750964e-01,0.000000000000000000e+00
3.299647184161681457e-01,4.785363455970695346e-01,1.000000000000000000e+00
4.481237820497611657e-01,1.064562968200712501e+00,0.000000000000000000e+00
-2.195529284450882801e-01,1.009792819096410277e+00,0.000000000000000000e+00
-9.915815547525254070e-01,2.672348823507889604e-01,0.000000000000000000e+00
6.396303717803595301e-01,-8.410658175310038454e-01,1.000000000000000000e+00
1.608348021702441510e+00,-1.547869403839005897e-01,1.000000000000000000e+00
1.828366204930561345e+00,-1.643463544439611734e-01,1.000000000000000000e+00
8.213551200384477946e-01,7.967322139652875945e-01,0.000000000000000000e+00
1.619089021351964641e+00,-5.139711944910822089e-02,1.000000000000000000e+00
1.110554983385320993e+00,2.716320576312790669e-01,0.000000000000000000e+00
-4.887623921093373625e-01,7.883497621302933966e-01,0.000000000000000000e+00
8.341207604531478692e-01,-7.041979315535632500e-01,1.000000000000000000e+00
9.825326234859322883e-01,9.818410096190244296e-02,0.000000000000000000e+00
1.685217805000322200e-01,3.322243093976450790e-01,1.000000000000000000e+00
-7.923416807716825438e-01,3.110770048270655730e-01,0.000000000000000000e+00
7.338032418425063375e-01,4.648370934742968585e-01,0.000000000000000000e+00
6.166980518054243632e-01,7.388361729320289673e-01,0.000000000000000000e+00
3.067657929206966949e-02,1.048848319382455596e+00,0.000000000000000000e+00
2.046810623548570351e+00,6.959104401487228309e-01,1.000000000000000000e+00
6.146193726310582583e-01,-8.498882824161060334e-01,1.000000000000000000e+00
9.566989607132015960e-01,3.808675888229517970e-01,0.000000000000000000e+00
1.489502780974922835e+00,-4.889081098867689712e-01,1.000000000000000000e+00
1.261865074865090364e+00,-4.074516881340719543e-01,1.000000000000000000e+00
1.677041207314593052e+00,2.932504454825491380e-01,1.000000000000000000e+00
-2.885958801183280409e-01,8.505224856810476020e-01,0.000000000000000000e+00
6.350773162159667473e-02,9.250048926143636940e-01,0.000000000000000000e+00
6.361578252425462709e-01,-5.494530167331303921e-02,0.000000000000000000e+00
1.169962678234062858e+00,-6.033447718719966435e-01,1.000000000000000000e+00
-2.696591266849835966e-01,9.917097256389801885e-01,0.000000000000000000e+00
4.186286667159243580e-01,-2.328914870411499805e-01,1.000000000000000000e+00
-3.695603223607263343e-02,1.060027597199729943e+00,0.000000000000000000e+00
1.116707457472874809e+00,3.945853919641911789e-01,0.000000000000000000e+00
3.242992608724154513e-01,-4.352890819345121565e-01,1.000000000000000000e+00
4.961864708285981251e-01,4.620811686577919741e-01,0.000000000000000000e+00
9.214461932237054675e-01,8.603119639219666270e-01,0.000000000000000000e+00
9.485221491218557288e-01,3.306065116815339322e-01,0.000000000000000000e+00
-1.798365363504492442e-01,3.317827899372902678e-01,1.000000000000000000e+00
6.919523071919309043e-01,1.103162026957122510e+00,0.000000000000000000e+00
2.474448446047131434e+00,3.396372137948713843e-01,1.000000000000000000e+00
1.059720985855036268e+00,-5.765454404820703482e-01,1.000000000000000000e+00
-1.036712882632645716e+00,5.071357431302492280e-01,0.000000000000000000e+00
5.749907110899447060e-01,-3.756816824341545069e-01,1.000000000000000000e+00
4.578582500233091546e-01,9.233107351203740931e-01,0.000000000000000000e+00
2.266346912231838595e-01,-3.079980501080961663e-01,1.000000000000000000e+00
7.377472847613497642e-01,-7.816981057183951531e-01,1.000000000000000000e+00
-1.133073352786621690e+00,6.242332790957088040e-01,0.000000000000000000e+00
8.401233640228911170e-01,-1.995777019150074827e-01,1.000000000000000000e+00
1.440742555239880707e+00,-5.870627685894183045e-01,1.000000000000000000e+00
4.975895039037073753e-01,8.190808893705175953e-01,0.000000000000000000e+00
-6.500796606314214188e-01,8.614135464911077955e-01,0.000000000000000000e+00
-9.220543228916617817e-01,5.435363225528571096e-01,0.000000000000000000e+00
1.954379162784135815e+00,2.304183363158057718e-01,1.000000000000000000e+00
5.607599966051750595e-01,-6.506382732171607230e-01,1.000000000000000000e+00
-9.564187670226778071e-01,-1.599696463236534305e-01,0.000000000000000000e+00
-5.422105478907284226e-01,9.575887113599773626e-01,0.000000000000000000e+00
1.030280547567398841e+00,-2.340368309497671551e-01,1.000000000000000000e+00
-8.785880693833244548e-01,9.520075278267388086e-01,0.000000000000000000e+00
1.063001077182840870e+00,-4.758487753925354502e-01,1.000000000000000000e+00
-6.105912133442966683e-01,8.195072926449709083e-01,0.000000000000000000e+00
7.746432998921009005e-01,-5.167873876950620504e-01,1.000000000000000000e+00
-4.683734335658780445e-03,2.298977986629369696e-01,1.000000000000000000e+00
7.639217154686218647e-01,4.706838560102408753e-01,0.000000000000000000e+00
1.256996605910193354e-01,2.166215645330198392e-01,1.000000000000000000e+00
-7.947314828304448131e-01,6.083366169142849778e-01,0.000000000000000000e+00
1.194075514668562876e+00,-4.606532399419373536e-01,0.000000000000000000e+00
-1.870138007531908786e-01,8.029199259016359669e-01,0.000000000000000000e+00
1.904183632932926251e+00,3.263067676667877337e-02,1.000000000000000000e+00
-2.492548085079477893e-01,8.598657474971884707e-01,0.000000000000000000e+00
1.875955520859221570e+00,6.704008702035341161e-01,1.000000000000000000e+00
1.270285798918359355e+00,-2.145395059826018247e-01,1.000000000000000000e+00
1.078396909024054384e+00,-5.841544437519263777e-01,1.000000000000000000e+00
4.777312940877259662e-01,9.852564342063742098e-01,0.000000000000000000e+00
5.472359003422035961e-01,5.382305961314834963e-01,0.000000000000000000e+00
3.988898853546484213e-01,8.833042595680650200e-01,0.000000000000000000e+00
-1.557269896945837895e-01,1.086633317810346888e+00,0.000000000000000000e+00
2.000664040051666870e+00,5.527042251877415380e-01,1.000000000000000000e+00
-9.041271367352772259e-01,-1.614758730622748717e-01,0.000000000000000000e+00
6.459976897740713486e-01,-2.944736344981817577e-01,1.000000000000000000e+00
9.908795012343580844e-01,4.006640828793698317e-01,0.000000000000000000e+00
1.292937202082893311e+00,-6.002954905177664280e-01,1.000000000000000000e+00
-1.023367451937072348e+00,2.250373305985608197e-01,0.000000000000000000e+00
-1.343333383137704340e+00,7.389407809996972887e-03,0.000000000000000000e+00
-2.788932810233983317e-01,1.138570679213370740e+00,0.000000000000000000e+00
9.369309189443895958e-02,-1.759063406814488362e-01,1.000000000000000000e+00
-5.511742774435517411e-01,9.390826953195534621e-01,0.000000000000000000e+00
5.104709103654468949e-01,-9.563385516835378741e-01,1.000000000000000000e+00
-8.310459631030493455e-01,4.495035705507520740e-01,0.000000000000000000e+00
1.741374212516517916e+00,-3.197931529938550788e-01,1.000000000000000000e+00
2.063098149782262691e+00,5.471794437585947302e-01,1.000000000000000000e+00
3.500018898738835871e-01,-3.638338698392720172e-01,1.000000000000000000e+00
8.245804744166380651e-01,9.402388258558727618e-02,0.000000000000000000e+00
-1.424565575091997216e-01,1.065740816545710068e+00,0.000000000000000000e+00
3.920636982116474378e-01,-3.561407775300565182e-01,1.000000000000000000e+00
-4.520394963345215622e-01,8.737959822105689778e-01,0.000000000000000000e+00
6.771350386807460653e-02,-2.082292202177019602e-01,1.000000000000000000e+00
-8.100101528671245221e-01,4.884188848126211346e-01,0.000000000000000000e+00
-1.295673529727171758e+00,-4.595986844472743638e-02,0.000000000000000000e+00
1.725321256662632363e+00,-1.262334003779944092e-01,1.000000000000000000e+00
1.840519462187989008e+00,6.981693210336757660e-02,1.000000000000000000e+00
-9.488362751893634206e-01,2.063884830576468155e-01,0.000000000000000000e+00
1.864341178001369670e+00,-5.455226422797632146e-01,1.000000000000000000e+00
-2.191562569643848435e-01,8.713309933892721126e-01,0.000000000000000000e+00
-1.978422325373129231e-01,9.331179230524665469e-01,0.000000000000000000e+00
1.876107875522639912e+00,-5.170504425878888477e-02,1.000000000000000000e+00
1.006225719503328619e+00,5.306256879368378421e-01,0.000000000000000000e+00
-8.166351190035032737e-01,5.909422545212690281e-01,0.000000000000000000e+00
-6.715906609378861081e-01,8.154135900192486242e-01,0.000000000000000000e+00
8.237538668013161258e-01,6.061349190900764405e-01,0.000000000000000000e+00
2.789786127803953741e-01,1.005283685119452874e+00,0.000000000000000000e+00
-8.606578383926608011e-02,1.554731666777853794e-01,1.000000000000000000e+00
1.284278648112882504e+00,-2.458326912576727086e-01,1.000000000000000000e+00
1.826974100964493530e-01,1.226173861632294582e+00,0.000000000000000000e+00
1.185971509426291259e+00,-1.582353229889808255e-01,0.000000000000000000e+00
-1.038044903105126426e+00,5.191626448883687184e-01,0.000000000000000000e+00
1.991739563989800788e+00,-1.042032235743871466e-01,1.000000000000000000e+00
1.663863329568066041e-01,9.117665872652025438e-02,1.000000000000000000e+00
6.845068645675191910e-01,3.565559609588608292e-01,0.000000000000000000e+00
-5.425722991263762784e-01,8.938612896767332838e-01,0.000000000000000000e+00
-8.958368162994705397e-01,4.317589367521594279e-01,0.000000000000000000e+00
-1.068476322752049679e-01,7.581909820655269305e-01,0.000000000000000000e+00
8.697196535245875770e-01,1.805999155102684661e-01,0.000000000000000000e+00
1.557601942721803523e+00,-4.155794165206301294e-01,1.000000000000000000e+00
1.238923661047154123e+00,-4.699015683601062698e-01,1.000000000000000000e+00
6.151673207212444705e-01,6.013188316980754289e-01,0.000000000000000000e+00
-9.478505154255323362e-01,5.252447807980935579e-01,0.000000000000000000e+00
7.719114465017490323e-02,9.668371178930333931e-01,0.000000000000000000e+00
1.550818983037327570e+00,-5.999736444609022890e-01,1.000000000000000000e+00
-1.253792838295455514e+00,2.641473012385782138e-01,0.000000000000000000e+00
8.702484900750893093e-01,6.274167742474235920e-01,0.000000000000000000e+00
6.343510348774872298e-02,4.207256161905836844e-02,1.000000000000000000e+00
2.934674741565414524e-01,3.006162039947867237e-01,1.000000000000000000e+00
-1.062302100650780456e-01,6.813125009340551541e-01,1.000000000000000000e+00
1.535633174204483309e+00,-2.605292682986809494e-01,1.000000000000000000e+00
4.250303479969371745e-01,-8.997860559887901344e-01,1.000000000000000000e+00
1.174910227899033544e+00,3.181061036409683074e-01,0.000000000000000000e+00
7.744533446812963406e-01,1.053200724492462159e+00,0.000000000000000000e+00
-8.348286756931619923e-01,6.182673089841170810e-01,0.000000000000000000e+00
-1.027529260389886678e-02,-4.927586102689253122e-01,1.000000000000000000e+00
1.807679780769623212e+00,2.678866220152792965e-01,1.000000000000000000e+00
1.768411869455825292e+00,-1.996999839238769725e-01,1.000000000000000000e+00
-9.634769060564088994e-01,2.369048716600049009e-01,0.000000000000000000e+00
1.624611897668937655e+00,-1.840564076163152263e-01,1.000000000000000000e+00
1.575126109898200566e-02,1.580075751020413588e-01,1.000000000000000000e+00
-4.516332516414916509e-01,1.253305685841082706e+00,0.000000000000000000e+00
6.206833963999138781e-01,-3.428761402110492296e-01,1.000000000000000000e+00
1.607961173023511492e+00,-3.868154471232320146e-01,1.000000000000000000e+00
-8.807494665974058279e-01,7.794263979463637027e-01,0.000000000000000000e+00
1.628524825451070912e+00,-2.093024041269413438e-01,1.000000000000000000e+00
2.916877652577164470e-01,9.803804142726819659e-01,0.000000000000000000e+00
7.196975676268900779e-01,4.194594096055335175e-01,0.000000000000000000e+00
2.335194499486748509e-01,8.952111628708650515e-02,1.000000000000000000e+00
1.898525550564542419e+00,1.578240058045602967e-01,1.000000000000000000e+00
1.584300990897949402e-01,-5.409532416674614486e-02,1.000000000000000000e+00
1.689523897895985893e+00,1.310210276845995003e-01,1.000000000000000000e+00
5.126386255957321447e-01,9.565078136298625910e-01,0.000000000000000000e+00
5.298816860517853167e-01,-1.817267894852639398e-01,1.000000000000000000e+00
-3.717773590910400383e-01,8.129200641901710434e-01,0.000000000000000000e+00
3.384854370744094787e-03,8.061638201422776095e-01,0.000000000000000000e+00
1.889802526821959261e-01,5.613116826555384353e-01,0.000000000000000000e+00
1.462184876483040963e+00,-6.639154815287233724e-01,1.000000000000000000e+00
1.875550663353504621e+00,-1.252432933925068381e-01,1.000000000000000000e+00
5.072139247696803022e-01,-6.649978759173791332e-01,1.000000000000000000e+00
1.297946921795080755e+00,1.646859112797627589e-01,0.000000000000000000e+00
2.795173963671488959e-01,-2.126770816672732822e-01,1.000000000000000000e+00
1.531980800559627598e+00,-2.183178507553862058e-01,1.000000000000000000e+00
3.876974520427378668e-02,-2.196142277980340785e-01,1.000000000000000000e+00
-6.418065269377076776e-01,3.255788688722854318e-01,0.000000000000000000e+00
6.285519854458831990e-01,1.141871691483577589e+00,0.000000000000000000e+00
1.029931215736042543e-01,2.004501249208314739e-01,1.000000000000000000e+00
