-7.723549604415893555e-01 -7.909080982208251953e-01 -1.000000000000000000e+00
-8.354384899139404297e-01 -1.187115669250488281e+00 -1.000000000000000000e+00
-9.761284589767456055e-01 -9.798833727836608887e-01 -1.000000000000000000e+00
-1.061679124832153320e+00 -9.787335395812988281e-01 -1.000000000000000000e+00
-1.286112785339355469e+00 -1.112428426742553711e+00 -1.000000000000000000e+00
-1.125091671943664551e+00 -9.674316644668579102e-01 -1.000000000000000000e+00
-1.044358372688293457e+00 -7.948487401008605957e-01 -1.000000000000000000e+00
-1.015851855278015137e+00 -8.318549990653991699e-01 -1.000000000000000000e+00
-1.193874835968017578e+00 -7.937055230140686035e-01 -1.000000000000000000e+00
-8.499788045883178711e-01 -9.642800688743591309e-01 -1.000000000000000000e+00
-1.054550528526306152e+00 -9.322211742401123047e-01 -1.000000000000000000e+00
-6.162859797477722168e-01 -1.268502593040466309e+00 -1.000000000000000000e+00
-8.105854988098144531e-01 -8.168491721153259277e-01 -1.000000000000000000e+00
-1.400783896446228027e+00 -7.965689301490783691e-01 -1.000000000000000000e+00
-8.417273163795471191e-01 -9.803076982498168945e-01 -1.000000000000000000e+00
-9.826678037643432617e-01 -9.534106254577636719e-01 -1.000000000000000000e+00
-1.138142704963684082e+00 -1.081655621528625488e+00 -1.000000000000000000e+00
-9.991067647933959961e-01 -7.996320128440856934e-01 -1.000000000000000000e+00
-1.080696105957031250e+00 -9.917575120925903320e-01 -1.000000000000000000e+00
-1.013288974761962891e+00 -1.276820898056030273e+00 -1.000000000000000000e+00
-9.547250866889953613e-01 -1.125349164009094238e+00 -1.000000000000000000e+00
-8.004114031791687012e-01 -8.287868499755859375e-01 -1.000000000000000000e+00
-1.167692184448242188e+00 -1.133836627006530762e+00 -1.000000000000000000e+00
-1.152129054069519043e+00 -1.282814025878906250e+00 -1.000000000000000000e+00
-5.661871433258056641e-01 -9.664437770843505859e-01 -1.000000000000000000e+00
-1.360537767410278320e+00 -9.055983424186706543e-01 -1.000000000000000000e+00
-6.043692827224731445e-01 -9.574767947196960449e-01 -1.000000000000000000e+00
-7.445036172866821289e-01 -1.080059885978698730e+00 -1.000000000000000000e+00
-1.197218060493469238e+00 -1.043971180915832520e+00 -1.000000000000000000e+00
-9.759842157363891602e-01 -1.037122130393981934e+00 -1.000000000000000000e+00
-1.123071551322937012e+00 -1.060546875000000000e+00 -1.000000000000000000e+00
-6.300013065338134766e-01 -9.112997055053710938e-01 -1.000000000000000000e+00
-1.077194929122924805e+00 -8.662582635879516602e-01 -1.000000000000000000e+00
-7.952085733413696289e-01 -9.810808300971984863e-01 -1.000000000000000000e+00
-7.372490167617797852e-01 -1.447492361068725586e+00 -1.000000000000000000e+00
-1.049193143844604492e+00 -1.176866531372070312e+00 -1.000000000000000000e+00
-1.072404623031616211e+00 -1.014813065528869629e+00 -1.000000000000000000e+00
-9.084430932998657227e-01 -8.398612737655639648e-01 -1.000000000000000000e+00
-1.520256757736206055e+00 -9.371719956398010254e-01 -1.000000000000000000e+00
-1.179712533950805664e+00 -1.150752782821655273e+00 -1.000000000000000000e+00
-8.771454691886901855e-01 -8.198179602622985840e-01 -1.000000000000000000e+00
-1.008465886116027832e+00 -1.411377906799316406e+00 -1.000000000000000000e+00
-1.139702796936035156e+00 -8.767921328544616699e-01 -1.000000000000000000e+00
-1.181103110313415527e+00 -1.231550693511962891e+00 -1.000000000000000000e+00
-9.033612012863159180e-01 -7.111325263977050781e-01 -1.000000000000000000e+00
-1.079547047615051270e+00 -1.376886010169982910e+00 -1.000000000000000000e+00
-9.762437343597412109e-01 -1.190792798995971680e+00 -1.000000000000000000e+00
-1.081262826919555664e+00 -1.038616538047790527e+00 -1.000000000000000000e+00
-1.214843153953552246e+00 -1.005140542984008789e+00 -1.000000000000000000e+00
-8.675998449325561523e-01 -9.333764910697937012e-01 -1.000000000000000000e+00
-1.256958246231079102e+00 -1.097241401672363281e+00 -1.000000000000000000e+00
-1.242167472839355469e+00 -1.127486586570739746e+00 -1.000000000000000000e+00
-7.235338091850280762e-01 -1.043270707130432129e+00 -1.000000000000000000e+00
-7.173570394515991211e-01 -8.616056442260742188e-01 -1.000000000000000000e+00
-9.419319629669189453e-01 -1.145588278770446777e+00 -1.000000000000000000e+00
-1.248398661613464355e+00 -1.206040024757385254e+00 -1.000000000000000000e+00
-1.096875071525573730e+00 -9.521359801292419434e-01 -1.000000000000000000e+00
-1.054167509078979492e+00 -6.805782318115234375e-01 -1.000000000000000000e+00
-8.418029546737670898e-01 -1.333980560302734375e+00 -1.000000000000000000e+00
-9.652359485626220703e-01 -1.029059886932373047e+00 -1.000000000000000000e+00
-1.025893449783325195e+00 -6.508191227912902832e-01 -1.000000000000000000e+00
-8.995047211647033691e-01 -8.227986693382263184e-01 -1.000000000000000000e+00
-9.748195409774780273e-01 -9.884384870529174805e-01 -1.000000000000000000e+00
-1.321290969848632812e+00 -5.363773703575134277e-01 -1.000000000000000000e+00
-1.432711839675903320e+00 -9.774201512336730957e-01 -1.000000000000000000e+00
-1.020396232604980469e+00 -9.953280091285705566e-01 -1.000000000000000000e+00
-1.045147538185119629e+00 -1.110590934753417969e+00 -1.000000000000000000e+00
-1.094839930534362793e+00 -1.023464202880859375e+00 -1.000000000000000000e+00
-1.176663041114807129e+00 -1.142210960388183594e+00 -1.000000000000000000e+00
-9.884101152420043945e-01 -1.099245309829711914e+00 -1.000000000000000000e+00
-1.073377370834350586e+00 -1.070827364921569824e+00 -1.000000000000000000e+00
-8.457713723182678223e-01 -1.495247602462768555e+00 -1.000000000000000000e+00
-1.212696552276611328e+00 -1.132784843444824219e+00 -1.000000000000000000e+00
-8.236931562423706055e-01 -6.621789932250976562e-01 -1.000000000000000000e+00
-8.706797957420349121e-01 -7.841321825981140137e-01 -1.000000000000000000e+00
-8.928425312042236328e-01 -1.345970988273620605e+00 -1.000000000000000000e+00
-1.176752924919128418e+00 -8.487928509712219238e-01 -1.000000000000000000e+00
-7.896904349327087402e-01 -9.665025472640991211e-01 -1.000000000000000000e+00
-8.630685210227966309e-01 -1.078922152519226074e+00 -1.000000000000000000e+00
-1.310637116432189941e+00 -9.994416236877441406e-01 -1.000000000000000000e+00
-8.679841756820678711e-01 -8.203138709068298340e-01 -1.000000000000000000e+00
-1.027796626091003418e+00 -1.293671369552612305e+00 -1.000000000000000000e+00
-7.717446088790893555e-01 -1.046661257743835449e+00 -1.000000000000000000e+00
-1.078797578811645508e+00 -9.596173763275146484e-01 -1.000000000000000000e+00
-1.030827164649963379e+00 -8.371639251708984375e-01 -1.000000000000000000e+00
-1.010909318923950195e+00 -1.458817720413208008e+00 -1.000000000000000000e+00
-7.230948805809020996e-01 -7.658907771110534668e-01 -1.000000000000000000e+00
-1.518526077270507812e+00 -1.189562678337097168e+00 -1.000000000000000000e+00
-7.509794235229492188e-01 -9.856702089309692383e-01 -1.000000000000000000e+00
-6.352396607398986816e-01 -8.777977228164672852e-01 -1.000000000000000000e+00
-1.386566400527954102e+00 -1.034806370735168457e+00 -1.000000000000000000e+00
-8.342854976654052734e-01 -9.573702812194824219e-01 -1.000000000000000000e+00
-5.531978607177734375e-01 -1.034901380538940430e+00 -1.000000000000000000e+00
-1.012601375579833984e+00 -8.222985267639160156e-01 -1.000000000000000000e+00
-1.054354071617126465e+00 -1.093881130218505859e+00 -1.000000000000000000e+00
-1.039160013198852539e+00 -9.471077322959899902e-01 -1.000000000000000000e+00
-1.258739471435546875e+00 -1.112404942512512207e+00 -1.000000000000000000e+00
-9.297119379043579102e-01 -9.060145020484924316e-01 -1.000000000000000000e+00
-7.901538610458374023e-01 -1.390980720520019531e+00 -1.000000000000000000e+00
-1.352360129356384277e+00 -9.719437360763549805e-01 -1.000000000000000000e+00
-1.112788319587707520e+00 1.179674506187438965e+00 1.000000000000000000e+00
-1.132214665412902832e+00 1.135356664657592773e+00 1.000000000000000000e+00
-1.191694259643554688e+00 1.177111387252807617e+00 1.000000000000000000e+00
-6.337702274322509766e-01 1.341535806655883789e+00 1.000000000000000000e+00
-1.118844628334045410e+00 9.255226850509643555e-01 1.000000000000000000e+00
-1.171487808227539062e+00 8.599162697792053223e-01 1.000000000000000000e+00
-1.002895236015319824e+00 1.123168468475341797e+00 1.000000000000000000e+00
-9.839146137237548828e-01 1.094732761383056641e+00 1.000000000000000000e+00
-9.793406128883361816e-01 9.326555132865905762e-01 1.000000000000000000e+00
-1.216759443283081055e+00 1.107910156250000000e+00 1.000000000000000000e+00
-1.024589896202087402e+00 9.467005133628845215e-01 1.000000000000000000e+00
-1.108008861541748047e+00 1.011617660522460938e+00 1.000000000000000000e+00
-9.102457761764526367e-01 1.301635622978210449e+00 1.000000000000000000e+00
-1.271960735321044922e+00 1.018613338470458984e+00 1.000000000000000000e+00
-1.074072837829589844e+00 9.911928772926330566e-01 1.000000000000000000e+00
-5.578925609588623047e-01 1.052688121795654297e+00 1.000000000000000000e+00
-1.065995216369628906e+00 9.413881301879882812e-01 1.000000000000000000e+00
-8.702081441879272461e-01 1.009900689125061035e+00 1.000000000000000000e+00
-1.025051474571228027e+00 8.935774564743041992e-01 1.000000000000000000e+00
-8.356949090957641602e-01 1.014846444129943848e+00 1.000000000000000000e+00
-9.963042140007019043e-01 7.062162160873413086e-01 1.000000000000000000e+00
-9.647596478462219238e-01 7.812952399253845215e-01 1.000000000000000000e+00
-5.336147546768188477e-01 1.001027822494506836e+00 1.000000000000000000e+00
-7.615271210670471191e-01 1.007788658142089844e+00 1.000000000000000000e+00
-1.168213844299316406e+00 9.120298027992248535e-01 1.000000000000000000e+00
-9.583628177642822266e-01 1.099280714988708496e+00 1.000000000000000000e+00
-1.040354490280151367e+00 1.008195400238037109e+00 1.000000000000000000e+00
-8.997360467910766602e-01 1.016988515853881836e+00 1.000000000000000000e+00
-1.541969060897827148e+00 8.609704971313476562e-01 1.000000000000000000e+00
-1.157125592231750488e+00 9.782742261886596680e-01 1.000000000000000000e+00
-1.103899717330932617e+00 1.370295286178588867e+00 1.000000000000000000e+00
-8.588047027587890625e-01 1.301383852958679199e+00 1.000000000000000000e+00
-1.407835125923156738e+00 7.438184022903442383e-01 1.000000000000000000e+00
-5.433776378631591797e-01 9.506034255027770996e-01 1.000000000000000000e+00
-7.815523147583007812e-01 1.167122840881347656e+00 1.000000000000000000e+00
-9.654262065887451172e-01 8.933078050613403320e-01 1.000000000000000000e+00
-9.445903897285461426e-01 1.070438861846923828e+00 1.000000000000000000e+00
-1.150159835815429688e+00 1.077446460723876953e+00 1.000000000000000000e+00
-8.176472783088684082e-01 9.282140731811523438e-01 1.000000000000000000e+00
-1.099048614501953125e+00 1.017908573150634766e+00 1.000000000000000000e+00
-9.761450886726379395e-01 7.981867790222167969e-01 1.000000000000000000e+00
-6.450580358505249023e-01 1.005822539329528809e+00 1.000000000000000000e+00
-1.067824482917785645e+00 9.563801288604736328e-01 1.000000000000000000e+00
-1.348107576370239258e+00 1.068384051322937012e+00 1.000000000000000000e+00
-1.048211097717285156e+00 9.887493252754211426e-01 1.000000000000000000e+00
-1.123399376869201660e+00 5.411608219146728516e-01 1.000000000000000000e+00
-9.427002668380737305e-01 1.098163843154907227e+00 1.000000000000000000e+00
-7.767107486724853516e-01 6.024161577224731445e-01 1.000000000000000000e+00
-9.421261548995971680e-01 9.373494982719421387e-01 1.000000000000000000e+00
-1.042339324951171875e+00 8.979048132896423340e-01 1.000000000000000000e+00
-1.180370092391967773e+00 1.058366537094116211e+00 1.000000000000000000e+00
-1.027609467506408691e+00 9.788292646408081055e-01 1.000000000000000000e+00
-1.105432271957397461e+00 1.203084945678710938e+00 1.000000000000000000e+00
-1.076299309730529785e+00 1.251876711845397949e+00 1.000000000000000000e+00
-1.237410664558410645e+00 8.194787502288818359e-01 1.000000000000000000e+00
-8.335349559783935547e-01 1.001516103744506836e+00 1.000000000000000000e+00
-1.134025931358337402e+00 1.159289598464965820e+00 1.000000000000000000e+00
-1.058489441871643066e+00 1.263496756553649902e+00 1.000000000000000000e+00
-1.157308101654052734e+00 1.071393013000488281e+00 1.000000000000000000e+00
-1.148661255836486816e+00 8.610872626304626465e-01 1.000000000000000000e+00
-1.114184260368347168e+00 1.206166148185729980e+00 1.000000000000000000e+00
-1.073087215423583984e+00 1.194781422615051270e+00 1.000000000000000000e+00
-9.749350547790527344e-01 1.292077064514160156e+00 1.000000000000000000e+00
-8.444951772689819336e-01 8.114315867424011230e-01 1.000000000000000000e+00
-8.298807740211486816e-01 1.041457295417785645e+00 1.000000000000000000e+00
-6.185488700866699219e-01 1.030664682388305664e+00 1.000000000000000000e+00
-1.146403312683105469e+00 8.144371509552001953e-01 1.000000000000000000e+00
-1.342554807662963867e+00 9.298207759857177734e-01 1.000000000000000000e+00
-1.170656681060791016e+00 6.769217252731323242e-01 1.000000000000000000e+00
-1.071052551269531250e+00 1.098887681961059570e+00 1.000000000000000000e+00
-1.087369203567504883e+00 6.683065891265869141e-01 1.000000000000000000e+00
-8.085585832595825195e-01 8.853264451026916504e-01 1.000000000000000000e+00
-6.119846105575561523e-01 1.128981113433837891e+00 1.000000000000000000e+00
-9.934879541397094727e-01 7.970027327537536621e-01 1.000000000000000000e+00
-1.112124800682067871e+00 9.508020281791687012e-01 1.000000000000000000e+00
-1.022275805473327637e+00 1.016194820404052734e+00 1.000000000000000000e+00
-1.280636787414550781e+00 9.395975470542907715e-01 1.000000000000000000e+00
-3.910389542579650879e-01 1.150330662727355957e+00 1.000000000000000000e+00
-1.029865384101867676e+00 1.213286638259887695e+00 1.000000000000000000e+00
-1.047152280807495117e+00 1.160574913024902344e+00 1.000000000000000000e+00
-8.260090351104736328e-01 1.391397714614868164e+00 1.000000000000000000e+00
-7.953605651855468750e-01 1.188746809959411621e+00 1.000000000000000000e+00
-1.090857505798339844e+00 1.038740515708923340e+00 1.000000000000000000e+00
-1.280707716941833496e+00 1.178249835968017578e+00 1.000000000000000000e+00
-9.988547563552856445e-01 1.060854792594909668e+00 1.000000000000000000e+00
-1.374160766601562500e+00 8.331720829010009766e-01 1.000000000000000000e+00
-9.319961071014404297e-01 1.349016785621643066e+00 1.000000000000000000e+00
-8.310206532478332520e-01 1.264822363853454590e+00 1.000000000000000000e+00
-9.709057807922363281e-01 1.113697648048400879e+00 1.000000000000000000e+00
-9.514450430870056152e-01 8.852428793907165527e-01 1.000000000000000000e+00
-1.554174661636352539e+00 8.768219947814941406e-01 1.000000000000000000e+00
-9.330710172653198242e-01 9.351194500923156738e-01 1.000000000000000000e+00
-1.094654560089111328e+00 1.355924963951110840e+00 1.000000000000000000e+00
-1.132874131202697754e+00 8.557435274124145508e-01 1.000000000000000000e+00
-8.061425685882568359e-01 1.164773941040039062e+00 1.000000000000000000e+00
-1.012226939201354980e+00 1.134912967681884766e+00 1.000000000000000000e+00
-1.052437305450439453e+00 7.513050436973571777e-01 1.000000000000000000e+00
-9.424815177917480469e-01 9.549441337585449219e-01 1.000000000000000000e+00
-1.045549392700195312e+00 9.222331047058105469e-01 1.000000000000000000e+00
-1.108764290809631348e+00 9.462348222732543945e-01 1.000000000000000000e+00
1.129199028015136719e+00 -5.994934439659118652e-01 1.000000000000000000e+00
9.760686755180358887e-01 -7.478094100952148438e-01 1.000000000000000000e+00
1.163640975952148438e+00 -9.961761832237243652e-01 1.000000000000000000e+00
9.739622473716735840e-01 -1.248929262161254883e+00 1.000000000000000000e+00
1.380411624908447266e+00 -9.567189812660217285e-01 1.000000000000000000e+00
9.480293989181518555e-01 -8.385497927665710449e-01 1.000000000000000000e+00
1.112095475196838379e+00 -1.047209382057189941e+00 1.000000000000000000e+00
1.001392722129821777e+00 -1.136425733566284180e+00 1.000000000000000000e+00
1.353834390640258789e+00 -8.771421313285827637e-01 1.000000000000000000e+00
1.059617042541503906e+00 -1.009867668151855469e+00 1.000000000000000000e+00
1.155533194541931152e+00 -7.933530211448669434e-01 1.000000000000000000e+00
7.250475287437438965e-01 -9.731133580207824707e-01 1.000000000000000000e+00
1.078325867652893066e+00 -1.031683921813964844e+00 1.000000000000000000e+00
1.437209963798522949e+00 -7.220900058746337891e-01 1.000000000000000000e+00
9.403659105300903320e-01 -1.193514108657836914e+00 1.000000000000000000e+00
9.969192147254943848e-01 -1.052667379379272461e+00 1.000000000000000000e+00
1.006590366363525391e+00 -1.248996734619140625e+00 1.000000000000000000e+00
1.261156797409057617e+00 -1.286922812461853027e+00 1.000000000000000000e+00
8.662788867950439453e-01 -7.815381288528442383e-01 1.000000000000000000e+00
1.128394365310668945e+00 -9.193446636199951172e-01 1.000000000000000000e+00
1.118731737136840820e+00 -1.180593252182006836e+00 1.000000000000000000e+00
8.050401210784912109e-01 -1.014384865760803223e+00 1.000000000000000000e+00
5.792590379714965820e-01 -6.107673645019531250e-01 1.000000000000000000e+00
1.205613732337951660e+00 -1.023854255676269531e+00 1.000000000000000000e+00
1.104947328567504883e+00 -1.146387696266174316e+00 1.000000000000000000e+00
1.010826826095581055e+00 -1.016882658004760742e+00 1.000000000000000000e+00
1.137557268142700195e+00 -8.061411976814270020e-01 1.000000000000000000e+00
1.066813468933105469e+00 -1.096084713935852051e+00 1.000000000000000000e+00
1.100003004074096680e+00 -7.827458977699279785e-01 1.000000000000000000e+00
1.124439835548400879e+00 -9.565036892890930176e-01 1.000000000000000000e+00
1.059044599533081055e+00 -1.113613843917846680e+00 1.000000000000000000e+00
1.029854893684387207e+00 -8.224149942398071289e-01 1.000000000000000000e+00
8.975693583488464355e-01 -1.027560830116271973e+00 1.000000000000000000e+00
1.285320878028869629e+00 -9.831718802452087402e-01 1.000000000000000000e+00
9.650356173515319824e-01 -1.082714438438415527e+00 1.000000000000000000e+00
9.394273161888122559e-01 -9.788385629653930664e-01 1.000000000000000000e+00
6.240190267562866211e-01 -1.493600010871887207e+00 1.000000000000000000e+00
1.016893386840820312e+00 -1.046417236328125000e+00 1.000000000000000000e+00
8.112172484397888184e-01 -1.191248893737792969e+00 1.000000000000000000e+00
1.153017044067382812e+00 -8.575757741928100586e-01 1.000000000000000000e+00
1.119505882263183594e+00 -9.109337925910949707e-01 1.000000000000000000e+00
7.335888147354125977e-01 -7.297623157501220703e-01 1.000000000000000000e+00
1.669850230216979980e+00 -7.450177073478698730e-01 1.000000000000000000e+00
1.283293366432189941e+00 -7.546070218086242676e-01 1.000000000000000000e+00
1.194539546966552734e+00 -7.948594093322753906e-01 1.000000000000000000e+00
1.047500967979431152e+00 -1.085862874984741211e+00 1.000000000000000000e+00
9.801247715950012207e-01 -1.191304326057434082e+00 1.000000000000000000e+00
1.031017184257507324e+00 -8.803901672363281250e-01 1.000000000000000000e+00
1.483671545982360840e+00 -1.121680021286010742e+00 1.000000000000000000e+00
1.042529344558715820e+00 -6.793012619018554688e-01 1.000000000000000000e+00
1.087101340293884277e+00 -1.097068905830383301e+00 1.000000000000000000e+00
1.065772175788879395e+00 -9.600859880447387695e-01 1.000000000000000000e+00
1.193092346191406250e+00 -1.019794225692749023e+00 1.000000000000000000e+00
8.246116638183593750e-01 -7.501977682113647461e-01 1.000000000000000000e+00
1.082867741584777832e+00 -8.462423682212829590e-01 1.000000000000000000e+00
9.541519284248352051e-01 -1.193623542785644531e+00 1.000000000000000000e+00
1.060233354568481445e+00 -1.151180863380432129e+00 1.000000000000000000e+00
6.792984008789062500e-01 -8.969478607177734375e-01 1.000000000000000000e+00
9.834396243095397949e-01 -7.555236816406250000e-01 1.000000000000000000e+00
8.162263631820678711e-01 -1.056921482086181641e+00 1.000000000000000000e+00
9.302438497543334961e-01 -1.159622788429260254e+00 1.000000000000000000e+00
1.293761253356933594e+00 -1.114410877227783203e+00 1.000000000000000000e+00
9.192314743995666504e-01 -1.023868560791015625e+00 1.000000000000000000e+00
5.666342973709106445e-01 -1.120504975318908691e+00 1.000000000000000000e+00
1.133655428886413574e+00 -8.376542925834655762e-01 1.000000000000000000e+00
1.008917689323425293e+00 -1.140194177627563477e+00 1.000000000000000000e+00
5.294771194458007812e-01 -7.832313179969787598e-01 1.000000000000000000e+00
8.163317441940307617e-01 -1.225363135337829590e+00 1.000000000000000000e+00
1.067176938056945801e+00 -1.390928506851196289e+00 1.000000000000000000e+00
1.186470031738281250e+00 -1.133704185485839844e+00 1.000000000000000000e+00
1.157121300697326660e+00 -1.165205121040344238e+00 1.000000000000000000e+00
1.294872045516967773e+00 -1.004675269126892090e+00 1.000000000000000000e+00
1.328292250633239746e+00 -8.708393573760986328e-01 1.000000000000000000e+00
7.637969851493835449e-01 -6.652131080627441406e-01 1.000000000000000000e+00
1.264176964759826660e+00 -9.510445594787597656e-01 1.000000000000000000e+00
9.101081490516662598e-01 -1.092211723327636719e+00 1.000000000000000000e+00
9.423755407333374023e-01 -9.040479063987731934e-01 1.000000000000000000e+00
1.188160896301269531e+00 -6.805722713470458984e-01 1.000000000000000000e+00
1.083019495010375977e+00 -1.027406334877014160e+00 1.000000000000000000e+00
6.890817880630493164e-01 -8.941544294357299805e-01 1.000000000000000000e+00
9.314640760421752930e-01 -1.117702960968017578e+00 1.000000000000000000e+00
7.664126753807067871e-01 -1.272895812988281250e+00 1.000000000000000000e+00
1.041952848434448242e+00 -9.369552135467529297e-01 1.000000000000000000e+00
9.670768976211547852e-01 -1.222676396369934082e+00 1.000000000000000000e+00
1.212538599967956543e+00 -6.410071849822998047e-01 1.000000000000000000e+00
8.504459857940673828e-01 -7.881807088851928711e-01 1.000000000000000000e+00
1.131504297256469727e+00 -6.703218221664428711e-01 1.000000000000000000e+00
1.162218928337097168e+00 -8.560338020324707031e-01 1.000000000000000000e+00
8.908165693283081055e-01 -9.343363046646118164e-01 1.000000000000000000e+00
7.824494838714599609e-01 -1.166695713996887207e+00 1.000000000000000000e+00
9.850572943687438965e-01 -1.130571246147155762e+00 1.000000000000000000e+00
4.686327576637268066e-01 -7.652533054351806641e-01 1.000000000000000000e+00
1.378543376922607422e+00 -7.827215790748596191e-01 1.000000000000000000e+00
6.051058769226074219e-01 -1.072409391403198242e+00 1.000000000000000000e+00
6.146776080131530762e-01 -6.799634695053100586e-01 1.000000000000000000e+00
9.770373702049255371e-01 -6.585819125175476074e-01 1.000000000000000000e+00
1.118529796600341797e+00 -9.054907560348510742e-01 1.000000000000000000e+00
1.233273267745971680e+00 -1.337495088577270508e+00 1.000000000000000000e+00
7.058899402618408203e-01 -1.233304262161254883e+00 1.000000000000000000e+00
9.338754415512084961e-01 -1.345249176025390625e+00 1.000000000000000000e+00
9.871678948402404785e-01 1.090728282928466797e+00 -1.000000000000000000e+00
9.066664576530456543e-01 8.785971403121948242e-01 -1.000000000000000000e+00
1.327820181846618652e+00 1.149915456771850586e+00 -1.000000000000000000e+00
1.160870552062988281e+00 1.170439958572387695e+00 -1.000000000000000000e+00
1.027999520301818848e+00 8.695720434188842773e-01 -1.000000000000000000e+00
1.233695983886718750e+00 7.028310298919677734e-01 -1.000000000000000000e+00
1.378104805946350098e+00 1.159799098968505859e+00 -1.000000000000000000e+00
1.196984529495239258e+00 7.377664446830749512e-01 -1.000000000000000000e+00
8.034900426864624023e-01 1.030550599098205566e+00 -1.000000000000000000e+00
1.103616476058959961e+00 6.992689371109008789e-01 -1.000000000000000000e+00
9.823651313781738281e-01 9.494059085845947266e-01 -1.000000000000000000e+00
1.067026376724243164e+00 7.678042650222778320e-01 -1.000000000000000000e+00
1.258684873580932617e+00 6.977620124816894531e-01 -1.000000000000000000e+00
1.005946516990661621e+00 9.939728379249572754e-01 -1.000000000000000000e+00
1.039118051528930664e+00 1.005637526512145996e+00 -1.000000000000000000e+00
7.981381416320800781e-01 9.515057802200317383e-01 -1.000000000000000000e+00
1.064296007156372070e+00 1.114688634872436523e+00 -1.000000000000000000e+00
1.004435777664184570e+00 1.070691347122192383e+00 -1.000000000000000000e+00
1.127165317535400391e+00 1.212738990783691406e+00 -1.000000000000000000e+00
9.970701336860656738e-01 7.804040908813476562e-01 -1.000000000000000000e+00
8.888559937477111816e-01 7.348010540008544922e-01 -1.000000000000000000e+00
8.838881254196166992e-01 7.645718455314636230e-01 -1.000000000000000000e+00
1.206781148910522461e+00 1.000481009483337402e+00 -1.000000000000000000e+00
7.556822896003723145e-01 1.245637655258178711e+00 -1.000000000000000000e+00
7.517014741897583008e-01 6.131805777549743652e-01 -1.000000000000000000e+00
1.247774362564086914e+00 1.098428487777709961e+00 -1.000000000000000000e+00
9.364057183265686035e-01 1.136666417121887207e+00 -1.000000000000000000e+00
9.476634263992309570e-01 1.131929993629455566e+00 -1.000000000000000000e+00
1.035486578941345215e+00 7.452769279479980469e-01 -1.000000000000000000e+00
9.877042174339294434e-01 1.381399273872375488e+00 -1.000000000000000000e+00
1.418750524520874023e+00 8.314714431762695312e-01 -1.000000000000000000e+00
1.186657786369323730e+00 8.197059631347656250e-01 -1.000000000000000000e+00
9.295619726181030273e-01 6.563029885292053223e-01 -1.000000000000000000e+00
6.783841848373413086e-01 1.005928874015808105e+00 -1.000000000000000000e+00
9.558048248291015625e-01 1.046056747436523438e+00 -1.000000000000000000e+00
7.316875457763671875e-01 1.049635529518127441e+00 -1.000000000000000000e+00
8.999896049499511719e-01 9.472573399543762207e-01 -1.000000000000000000e+00
8.026407957077026367e-01 1.124171376228332520e+00 -1.000000000000000000e+00
1.232227325439453125e+00 9.640213847160339355e-01 -1.000000000000000000e+00
1.104551553726196289e+00 8.810312747955322266e-01 -1.000000000000000000e+00
9.395054578781127930e-01 6.446830034255981445e-01 -1.000000000000000000e+00
1.267226457595825195e+00 9.907448291778564453e-01 -1.000000000000000000e+00
1.269490242004394531e+00 1.026579499244689941e+00 -1.000000000000000000e+00
9.336695075035095215e-01 8.697580099105834961e-01 -1.000000000000000000e+00
1.067811846733093262e+00 9.976760745048522949e-01 -1.000000000000000000e+00
8.899217247962951660e-01 1.410696268081665039e+00 -1.000000000000000000e+00
8.336368799209594727e-01 1.140820145606994629e+00 -1.000000000000000000e+00
4.843981266021728516e-01 1.281158924102783203e+00 -1.000000000000000000e+00
5.988830327987670898e-01 1.323553085327148438e+00 -1.000000000000000000e+00
1.032657384872436523e+00 1.023118495941162109e+00 -1.000000000000000000e+00
1.019778490066528320e+00 1.054189562797546387e+00 -1.000000000000000000e+00
1.141133546829223633e+00 9.483894705772399902e-01 -1.000000000000000000e+00
1.051527738571166992e+00 1.010285258293151855e+00 -1.000000000000000000e+00
8.590423464775085449e-01 9.084999561309814453e-01 -1.000000000000000000e+00
9.344052672386169434e-01 1.079393625259399414e+00 -1.000000000000000000e+00
1.183955550193786621e+00 6.637507677078247070e-01 -1.000000000000000000e+00
1.019881725311279297e+00 1.160786509513854980e+00 -1.000000000000000000e+00
1.136558055877685547e+00 1.052473187446594238e+00 -1.000000000000000000e+00
8.538685441017150879e-01 7.023190259933471680e-01 -1.000000000000000000e+00
1.160945653915405273e+00 7.421169281005859375e-01 -1.000000000000000000e+00
9.376856088638305664e-01 8.748460412025451660e-01 -1.000000000000000000e+00
6.322821974754333496e-01 1.340204000473022461e+00 -1.000000000000000000e+00
1.071891307830810547e+00 7.884942293167114258e-01 -1.000000000000000000e+00
7.570891380310058594e-01 9.475901126861572266e-01 -1.000000000000000000e+00
1.301438093185424805e+00 1.000141024589538574e+00 -1.000000000000000000e+00
1.267688989639282227e+00 1.243037343025207520e+00 -1.000000000000000000e+00
1.290001153945922852e+00 9.531405568122863770e-01 -1.000000000000000000e+00
1.019553184509277344e+00 9.991547465324401855e-01 -1.000000000000000000e+00
8.728955984115600586e-01 1.068303942680358887e+00 -1.000000000000000000e+00
1.077649831771850586e+00 1.140774726867675781e+00 -1.000000000000000000e+00
9.571025967597961426e-01 9.399622678756713867e-01 -1.000000000000000000e+00
1.204100728034973145e+00 1.217934250831604004e+00 -1.000000000000000000e+00
8.832927346229553223e-01 9.862636327743530273e-01 -1.000000000000000000e+00
1.495663404464721680e+00 9.935553073883056641e-01 -1.000000000000000000e+00
1.068520545959472656e+00 9.927258491516113281e-01 -1.000000000000000000e+00
1.085974693298339844e+00 1.030496001243591309e+00 -1.000000000000000000e+00
8.176629543304443359e-01 6.794203519821166992e-01 -1.000000000000000000e+00
1.080272316932678223e+00 1.218340277671813965e+00 -1.000000000000000000e+00
1.406230926513671875e+00 1.031176805496215820e+00 -1.000000000000000000e+00
6.634590029716491699e-01 6.588546037673950195e-01 -1.000000000000000000e+00
9.451410174369812012e-01 1.017583727836608887e+00 -1.000000000000000000e+00
6.800270676612854004e-01 8.835478425025939941e-01 -1.000000000000000000e+00
1.182429313659667969e+00 1.001815915107727051e+00 -1.000000000000000000e+00
1.226351141929626465e+00 8.291673660278320312e-01 -1.000000000000000000e+00
1.184892773628234863e+00 1.011967539787292480e+00 -1.000000000000000000e+00
1.028374314308166504e+00 1.037496209144592285e+00 -1.000000000000000000e+00
8.893211483955383301e-01 9.933441877365112305e-01 -1.000000000000000000e+00
8.770868778228759766e-01 1.175603747367858887e+00 -1.000000000000000000e+00
6.046822667121887207e-01 1.091560482978820801e+00 -1.000000000000000000e+00
8.859235048294067383e-01 9.402622580528259277e-01 -1.000000000000000000e+00
9.217637181282043457e-01 1.145720839500427246e+00 -1.000000000000000000e+00
9.180657863616943359e-01 1.109211683273315430e+00 -1.000000000000000000e+00
1.000517845153808594e+00 1.019313931465148926e+00 -1.000000000000000000e+00
8.788149356842041016e-01 3.593789935111999512e-01 -1.000000000000000000e+00
8.272309303283691406e-01 1.416498303413391113e+00 -1.000000000000000000e+00
1.166503429412841797e+00 4.719956517219543457e-01 -1.000000000000000000e+00
9.287539124488830566e-01 5.859308242797851562e-01 -1.000000000000000000e+00
1.141934514045715332e+00 1.071181416511535645e+00 -1.000000000000000000e+00
1.096758008003234863e+00 1.207470417022705078e+00 -1.000000000000000000e+00
1.068724513053894043e+00 6.437453627586364746e-01 -1.000000000000000000e+00
-9.707620143890380859e-01 -9.483430385589599609e-01 -1.000000000000000000e+00
-8.648781776428222656e-01 -9.499329328536987305e-01 -1.000000000000000000e+00
-1.080298185348510742e+00 -9.168506860733032227e-01 -1.000000000000000000e+00
-8.980250954627990723e-01 -8.864382505416870117e-01 -1.000000000000000000e+00
-6.765210628509521484e-01 -1.081642508506774902e+00 -1.000000000000000000e+00
-6.397969722747802734e-01 -1.169895887374877930e+00 -1.000000000000000000e+00
-1.132143616676330566e+00 -9.581962227821350098e-01 -1.000000000000000000e+00
-1.386059045791625977e+00 -9.921697378158569336e-01 -1.000000000000000000e+00
-1.114874243736267090e+00 -1.185493111610412598e+00 -1.000000000000000000e+00
-1.199813008308410645e+00 -8.858574032783508301e-01 -1.000000000000000000e+00
-1.099861860275268555e+00 -1.206949353218078613e+00 -1.000000000000000000e+00
-1.123382925987243652e+00 -9.660372734069824219e-01 -1.000000000000000000e+00
-9.031417965888977051e-01 -9.831346273422241211e-01 -1.000000000000000000e+00
-1.226250767707824707e+00 -8.022266626358032227e-01 -1.000000000000000000e+00
-1.128643751144409180e+00 -1.024579524993896484e+00 -1.000000000000000000e+00
-6.395000219345092773e-01 -9.882076978683471680e-01 -1.000000000000000000e+00
-1.055070042610168457e+00 -1.010664224624633789e+00 -1.000000000000000000e+00
-1.133386969566345215e+00 -1.378342032432556152e+00 -1.000000000000000000e+00
-8.513668179512023926e-01 -1.107835769653320312e+00 -1.000000000000000000e+00
-1.056225299835205078e+00 -1.054921627044677734e+00 -1.000000000000000000e+00
-8.894326686859130859e-01 -5.565654039382934570e-01 -1.000000000000000000e+00
-8.264012336730957031e-01 -1.340430498123168945e+00 -1.000000000000000000e+00
-7.983435392379760742e-01 -9.698091745376586914e-01 -1.000000000000000000e+00
-1.177066802978515625e+00 -1.002136111259460449e+00 -1.000000000000000000e+00
-9.777572154998779297e-01 -1.217319130897521973e+00 -1.000000000000000000e+00
-8.863738179206848145e-01 -1.367923736572265625e+00 -1.000000000000000000e+00
-9.811139106750488281e-01 -1.164425492286682129e+00 -1.000000000000000000e+00
-1.074968457221984863e+00 -1.130961537361145020e+00 -1.000000000000000000e+00
-1.301823973655700684e+00 -7.400255203247070312e-01 -1.000000000000000000e+00
-8.904057741165161133e-01 -9.246637225151062012e-01 -1.000000000000000000e+00
-7.010016441345214844e-01 -9.248865246772766113e-01 -1.000000000000000000e+00
-1.269285798072814941e+00 -1.011304616928100586e+00 -1.000000000000000000e+00
-1.349558115005493164e+00 -1.124220609664916992e+00 -1.000000000000000000e+00
-5.080564022064208984e-01 -1.548946380615234375e+00 -1.000000000000000000e+00
-1.169920325279235840e+00 -9.080038666725158691e-01 -1.000000000000000000e+00
-9.824056625366210938e-01 -9.818000197410583496e-01 -1.000000000000000000e+00
-1.088351964950561523e+00 -8.384450674057006836e-01 -1.000000000000000000e+00
-9.096122384071350098e-01 -1.060629010200500488e+00 -1.000000000000000000e+00
-9.173892140388488770e-01 -9.016792774200439453e-01 -1.000000000000000000e+00
-1.001743555068969727e+00 -1.019836783409118652e+00 -1.000000000000000000e+00
-1.297139167785644531e+00 -9.457031488418579102e-01 -1.000000000000000000e+00
-1.269551634788513184e+00 -9.199064970016479492e-01 -1.000000000000000000e+00
-1.295230388641357422e+00 -7.878115177154541016e-01 -1.000000000000000000e+00
-9.616069197654724121e-01 -1.054491043090820312e+00 -1.000000000000000000e+00
-7.408768534660339355e-01 -1.133595347404479980e+00 -1.000000000000000000e+00
-7.067235708236694336e-01 -1.155391931533813477e+00 -1.000000000000000000e+00
-8.807270526885986328e-01 -6.063314676284790039e-01 -1.000000000000000000e+00
-1.118422269821166992e+00 -7.155574560165405273e-01 -1.000000000000000000e+00
-9.258726239204406738e-01 -7.435225248336791992e-01 -1.000000000000000000e+00
-1.207074522972106934e+00 -1.149032831192016602e+00 -1.000000000000000000e+00
-8.034061193466186523e-01 -1.095960974693298340e+00 -1.000000000000000000e+00
-1.105973124504089355e+00 -9.957292079925537109e-01 -1.000000000000000000e+00
-9.307839274406433105e-01 -1.042922735214233398e+00 -1.000000000000000000e+00
-1.057954668998718262e+00 -1.097365975379943848e+00 -1.000000000000000000e+00
-1.084785223007202148e+00 -9.595198631286621094e-01 -1.000000000000000000e+00
-9.830372333526611328e-01 -7.334675788879394531e-01 -1.000000000000000000e+00
-6.601329445838928223e-01 -1.150259256362915039e+00 -1.000000000000000000e+00
-1.041887760162353516e+00 -8.475803732872009277e-01 -1.000000000000000000e+00
-1.506568193435668945e+00 -1.098452925682067871e+00 -1.000000000000000000e+00
-1.266805171966552734e+00 -1.072032451629638672e+00 -1.000000000000000000e+00
-6.170291304588317871e-01 -1.240879416465759277e+00 -1.000000000000000000e+00
-8.915585875511169434e-01 -5.489742755889892578e-01 -1.000000000000000000e+00
-1.488570690155029297e+00 -9.766570925712585449e-01 -1.000000000000000000e+00
-7.376897335052490234e-01 -1.205363273620605469e+00 -1.000000000000000000e+00
-1.012322545051574707e+00 -9.297103881835937500e-01 -1.000000000000000000e+00
-9.504970312118530273e-01 -8.673514127731323242e-01 -1.000000000000000000e+00
-1.153529047966003418e+00 -1.007753491401672363e+00 -1.000000000000000000e+00
-1.149496793746948242e+00 -9.436457753181457520e-01 -1.000000000000000000e+00
-1.108233571052551270e+00 -7.334944009780883789e-01 -1.000000000000000000e+00
-8.963293433189392090e-01 -1.206492781639099121e+00 -1.000000000000000000e+00
-1.142090678215026855e+00 -1.060120940208435059e+00 -1.000000000000000000e+00
-7.190970182418823242e-01 -1.046326398849487305e+00 -1.000000000000000000e+00
-8.662505149841308594e-01 -1.031847834587097168e+00 -1.000000000000000000e+00
-7.048997879028320312e-01 -7.808140516281127930e-01 -1.000000000000000000e+00
-1.226852416992187500e+00 -1.568392276763916016e+00 -1.000000000000000000e+00
-8.610486984252929688e-01 -9.293323755264282227e-01 -1.000000000000000000e+00
-1.114475607872009277e+00 -8.806800246238708496e-01 -1.000000000000000000e+00
-1.220291495323181152e+00 -7.696375846862792969e-01 -1.000000000000000000e+00
-9.843378663063049316e-01 -1.268092274665832520e+00 -1.000000000000000000e+00
-8.540145754814147949e-01 -8.719728589057922363e-01 -1.000000000000000000e+00
-1.010124683380126953e+00 -8.059432506561279297e-01 -1.000000000000000000e+00
-7.952036261558532715e-01 -9.933437705039978027e-01 -1.000000000000000000e+00
-1.123064637184143066e+00 -8.423138260841369629e-01 -1.000000000000000000e+00
-1.121701121330261230e+00 -9.511141180992126465e-01 -1.000000000000000000e+00
-1.100788116455078125e+00 -1.150891661643981934e+00 -1.000000000000000000e+00
-1.342110633850097656e+00 -8.173329234123229980e-01 -1.000000000000000000e+00
-6.911187171936035156e-01 -1.080339789390563965e+00 -1.000000000000000000e+00
-1.422015309333801270e+00 -1.187955498695373535e+00 -1.000000000000000000e+00
-6.860399246215820312e-01 -7.073628306388854980e-01 -1.000000000000000000e+00
-1.016288757324218750e+00 -1.073264837265014648e+00 -1.000000000000000000e+00
-1.145256400108337402e+00 -9.118753075599670410e-01 -1.000000000000000000e+00
-1.261977434158325195e+00 -6.313868761062622070e-01 -1.000000000000000000e+00
-8.699663281440734863e-01 -9.523198604583740234e-01 -1.000000000000000000e+00
-1.147473096847534180e+00 -1.338269352912902832e+00 -1.000000000000000000e+00
-1.233695030212402344e+00 -1.169162034988403320e+00 -1.000000000000000000e+00
-9.566490650177001953e-01 -8.700569868087768555e-01 -1.000000000000000000e+00
-1.133079767227172852e+00 -8.766713142395019531e-01 -1.000000000000000000e+00
-1.301018953323364258e+00 -9.195603728294372559e-01 -1.000000000000000000e+00
-7.418058514595031738e-01 -1.278289318084716797e+00 -1.000000000000000000e+00
-4.167949557304382324e-01 -1.051152586936950684e+00 -1.000000000000000000e+00
-1.087722063064575195e+00 9.023799896240234375e-01 1.000000000000000000e+00
-1.355208396911621094e+00 7.107198238372802734e-01 1.000000000000000000e+00
-1.017650961875915527e+00 9.284841418266296387e-01 1.000000000000000000e+00
-8.953375220298767090e-01 7.230983972549438477e-01 1.000000000000000000e+00
-1.085849046707153320e+00 1.108216285705566406e+00 1.000000000000000000e+00
-1.009964346885681152e+00 9.392960071563720703e-01 1.000000000000000000e+00
-7.585996389389038086e-01 9.649880528450012207e-01 1.000000000000000000e+00
-1.350445151329040527e+00 1.183311820030212402e+00 1.000000000000000000e+00
-1.060152292251586914e+00 1.033115983009338379e+00 1.000000000000000000e+00
-9.390978813171386719e-01 8.704106211662292480e-01 1.000000000000000000e+00
-8.562026619911193848e-01 8.686214089393615723e-01 1.000000000000000000e+00
-1.286581277847290039e+00 1.071480274200439453e+00 1.000000000000000000e+00
-7.233222723007202148e-01 8.948764204978942871e-01 1.000000000000000000e+00
-8.579148054122924805e-01 1.284629344940185547e+00 1.000000000000000000e+00
-8.099068999290466309e-01 8.550381660461425781e-01 1.000000000000000000e+00
-1.046563744544982910e+00 1.518395781517028809e+00 1.000000000000000000e+00
-4.795419573783874512e-01 7.146985530853271484e-01 1.000000000000000000e+00
-1.049415946006774902e+00 6.213511228561401367e-01 1.000000000000000000e+00
-7.960254549980163574e-01 1.111064314842224121e+00 1.000000000000000000e+00
-8.235473036766052246e-01 1.290178179740905762e+00 1.000000000000000000e+00
-9.731765985488891602e-01 1.083853006362915039e+00 1.000000000000000000e+00
-9.392757415771484375e-01 1.168300151824951172e+00 1.000000000000000000e+00
-9.026045799255371094e-01 1.191272258758544922e+00 1.000000000000000000e+00
-1.102276325225830078e+00 6.311004757881164551e-01 1.000000000000000000e+00
-1.032159924507141113e+00 3.761045932769775391e-01 1.000000000000000000e+00
-1.114254951477050781e+00 7.545467615127563477e-01 1.000000000000000000e+00
-1.132963418960571289e+00 1.112071156501770020e+00 1.000000000000000000e+00
-1.156776905059814453e+00 8.907455801963806152e-01 1.000000000000000000e+00
-1.082445979118347168e+00 8.479518294334411621e-01 1.000000000000000000e+00
-7.899962067604064941e-01 1.063963055610656738e+00 1.000000000000000000e+00
-1.320562720298767090e+00 8.220383524894714355e-01 1.000000000000000000e+00
-1.073551774024963379e+00 7.669165134429931641e-01 1.000000000000000000e+00
-1.063450694084167480e+00 1.297617793083190918e+00 1.000000000000000000e+00
-8.985911011695861816e-01 1.106653928756713867e+00 1.000000000000000000e+00
-1.079389691352844238e+00 1.091364860534667969e+00 1.000000000000000000e+00
-8.664374351501464844e-01 1.211062550544738770e+00 1.000000000000000000e+00
-1.124564647674560547e+00 6.615207791328430176e-01 1.000000000000000000e+00
-9.877418875694274902e-01 6.674041748046875000e-01 1.000000000000000000e+00
-8.947501778602600098e-01 9.743651151657104492e-01 1.000000000000000000e+00
-1.154724597930908203e+00 1.049849152565002441e+00 1.000000000000000000e+00
-5.134649276733398438e-01 1.011084556579589844e+00 1.000000000000000000e+00
-1.177915215492248535e+00 1.252063632011413574e+00 1.000000000000000000e+00
-1.016030669212341309e+00 8.404815196990966797e-01 1.000000000000000000e+00
-1.113028287887573242e+00 8.947002291679382324e-01 1.000000000000000000e+00
-6.080808043479919434e-01 1.194463849067687988e+00 1.000000000000000000e+00
-1.107622265815734863e+00 7.219765782356262207e-01 1.000000000000000000e+00
-9.615694284439086914e-01 1.209645271301269531e+00 1.000000000000000000e+00
-9.217525720596313477e-01 1.204509615898132324e+00 1.000000000000000000e+00
-1.181574106216430664e+00 1.207545876502990723e+00 1.000000000000000000e+00
-5.809823274612426758e-01 9.004664421081542969e-01 1.000000000000000000e+00
-9.527943730354309082e-01 5.864988565444946289e-01 1.000000000000000000e+00
-9.566456675529479980e-01 1.090420365333557129e+00 1.000000000000000000e+00
-7.224681377410888672e-01 8.545166254043579102e-01 1.000000000000000000e+00
-1.057038903236389160e+00 9.358673691749572754e-01 1.000000000000000000e+00
-9.621809124946594238e-01 9.835714697837829590e-01 1.000000000000000000e+00
-1.335057497024536133e+00 9.843397736549377441e-01 1.000000000000000000e+00
-1.221921682357788086e+00 1.301347970962524414e+00 1.000000000000000000e+00
-1.180073976516723633e+00 1.169797182083129883e+00 1.000000000000000000e+00
-1.141896843910217285e+00 3.422988057136535645e-01 1.000000000000000000e+00
-1.139685153961181641e+00 9.587345123291015625e-01 1.000000000000000000e+00
-1.157387018203735352e+00 8.709933757781982422e-01 1.000000000000000000e+00
-8.142636418342590332e-01 8.296405076980590820e-01 1.000000000000000000e+00
-1.249139308929443359e+00 1.101672530174255371e+00 1.000000000000000000e+00
-1.070702195167541504e+00 6.186634898185729980e-01 1.000000000000000000e+00
-1.098541021347045898e+00 1.167805910110473633e+00 1.000000000000000000e+00
-8.238505721092224121e-01 7.760266065597534180e-01 1.000000000000000000e+00
-9.468318223953247070e-01 9.397975802421569824e-01 1.000000000000000000e+00
-9.396563768386840820e-01 1.092043876647949219e+00 1.000000000000000000e+00
-8.572933077812194824e-01 8.380328416824340820e-01 1.000000000000000000e+00
-1.149384737014770508e+00 1.375551939010620117e+00 1.000000000000000000e+00
-1.190942764282226562e+00 1.230938196182250977e+00 1.000000000000000000e+00
-1.210464596748352051e+00 1.098445296287536621e+00 1.000000000000000000e+00
-6.345543265342712402e-01 1.198056697845458984e+00 1.000000000000000000e+00
-1.428840637207031250e+00 8.298935294151306152e-01 1.000000000000000000e+00
-1.108196258544921875e+00 7.227739095687866211e-01 1.000000000000000000e+00
-8.918666839599609375e-01 7.456828355789184570e-01 1.000000000000000000e+00
-1.055402994155883789e+00 7.513916492462158203e-01 1.000000000000000000e+00
-6.760156154632568359e-01 1.085154175758361816e+00 1.000000000000000000e+00
-7.566079497337341309e-01 8.311556577682495117e-01 1.000000000000000000e+00
-8.565506935119628906e-01 8.407618999481201172e-01 1.000000000000000000e+00
-8.542723655700683594e-01 7.480719685554504395e-01 1.000000000000000000e+00
-7.968147993087768555e-01 1.028835415840148926e+00 1.000000000000000000e+00
-1.066347360610961914e+00 7.646017670631408691e-01 1.000000000000000000e+00
-1.360356330871582031e+00 9.905953407287597656e-01 1.000000000000000000e+00
-1.008597970008850098e+00 8.289580345153808594e-01 1.000000000000000000e+00
-6.749708652496337891e-01 1.197944879531860352e+00 1.000000000000000000e+00
-7.133246660232543945e-01 8.406947255134582520e-01 1.000000000000000000e+00
-9.461600184440612793e-01 9.523885250091552734e-01 1.000000000000000000e+00
-1.213400602340698242e+00 9.035658240318298340e-01 1.000000000000000000e+00
-8.912376761436462402e-01 7.172267436981201172e-01 1.000000000000000000e+00
-7.281514406204223633e-01 9.811452627182006836e-01 1.000000000000000000e+00
-9.753777384757995605e-01 1.175239920616149902e+00 1.000000000000000000e+00
-8.659422397613525391e-01 6.551980972290039062e-01 1.000000000000000000e+00
-7.562766075134277344e-01 1.095784902572631836e+00 1.000000000000000000e+00
-1.136350274085998535e+00 1.069959282875061035e+00 1.000000000000000000e+00
-9.973766803741455078e-01 1.047489881515502930e+00 1.000000000000000000e+00
-9.831942319869995117e-01 1.052430272102355957e+00 1.000000000000000000e+00
-1.292752027511596680e+00 9.681674242019653320e-01 1.000000000000000000e+00
-2.971630692481994629e-01 9.715523123741149902e-01 1.000000000000000000e+00
-1.039054512977600098e+00 1.263609409332275391e+00 1.000000000000000000e+00
8.382947444915771484e-01 -9.055014848709106445e-01 1.000000000000000000e+00
6.936982870101928711e-01 -1.294109702110290527e+00 1.000000000000000000e+00
1.297230482101440430e+00 -8.991038203239440918e-01 1.000000000000000000e+00
1.381699681282043457e+00 -1.086516261100769043e+00 1.000000000000000000e+00
1.186731815338134766e+00 -7.890506386756896973e-01 1.000000000000000000e+00
1.047562003135681152e+00 -1.004181623458862305e+00 1.000000000000000000e+00
1.057194471359252930e+00 -1.335274338722229004e+00 1.000000000000000000e+00
8.159081339836120605e-01 -7.941365242004394531e-01 1.000000000000000000e+00
1.172610878944396973e+00 -9.572345018386840820e-01 1.000000000000000000e+00
9.068463444709777832e-01 -9.243212342262268066e-01 1.000000000000000000e+00
1.046556115150451660e+00 -1.032991290092468262e+00 1.000000000000000000e+00
1.045140743255615234e+00 -9.681167006492614746e-01 1.000000000000000000e+00
7.254446744918823242e-01 -1.253174662590026855e+00 1.000000000000000000e+00
1.146711587905883789e+00 -8.170482516288757324e-01 1.000000000000000000e+00
9.228832721710205078e-01 -8.737874627113342285e-01 1.000000000000000000e+00
8.951197266578674316e-01 -8.991735577583312988e-01 1.000000000000000000e+00
1.245044708251953125e+00 -1.163603305816650391e+00 1.000000000000000000e+00
1.183924078941345215e+00 -1.510492801666259766e+00 1.000000000000000000e+00
1.349214792251586914e+00 -9.532583355903625488e-01 1.000000000000000000e+00
1.067542552947998047e+00 -1.260801434516906738e+00 1.000000000000000000e+00
1.077288985252380371e+00 -1.177781224250793457e+00 1.000000000000000000e+00
1.051430344581604004e+00 -9.214209318161010742e-01 1.000000000000000000e+00
9.184777140617370605e-01 -9.737848639488220215e-01 1.000000000000000000e+00
1.067587494850158691e+00 -9.298025369644165039e-01 1.000000000000000000e+00
8.313025236129760742e-01 -1.107386350631713867e+00 1.000000000000000000e+00
9.741914272308349609e-01 -1.236410498619079590e+00 1.000000000000000000e+00
1.037897586822509766e+00 -1.137228608131408691e+00 1.000000000000000000e+00
1.027689099311828613e+00 -1.207784533500671387e+00 1.000000000000000000e+00
7.955147027969360352e-01 -8.942527770996093750e-01 1.000000000000000000e+00
1.160772800445556641e+00 -9.246251583099365234e-01 1.000000000000000000e+00
9.380321502685546875e-01 -1.248525261878967285e+00 1.000000000000000000e+00
1.364964842796325684e+00 -1.040103197097778320e+00 1.000000000000000000e+00
7.569594383239746094e-01 -8.763089179992675781e-01 1.000000000000000000e+00
8.387913107872009277e-01 -7.025930881500244141e-01 1.000000000000000000e+00
7.483644485473632812e-01 -1.228576660156250000e+00 1.000000000000000000e+00
8.941540718078613281e-01 -1.440391540527343750e+00 1.000000000000000000e+00
1.111389398574829102e+00 -8.884319067001342773e-01 1.000000000000000000e+00
9.225541353225708008e-01 -9.256025552749633789e-01 1.000000000000000000e+00
1.093127846717834473e+00 -1.125429391860961914e+00 1.000000000000000000e+00
8.027322888374328613e-01 -1.169904828071594238e+00 1.000000000000000000e+00
1.034447550773620605e+00 -1.127385020256042480e+00 1.000000000000000000e+00
9.353623986244201660e-01 -9.488179087638854980e-01 1.000000000000000000e+00
8.795286417007446289e-01 -9.687417149543762207e-01 1.000000000000000000e+00
8.710856437683105469e-01 -1.263860940933227539e+00 1.000000000000000000e+00
1.088882684707641602e+00 -9.944037795066833496e-01 1.000000000000000000e+00
8.776141405105590820e-01 -7.842038869857788086e-01 1.000000000000000000e+00
1.188830375671386719e+00 -9.522426724433898926e-01 1.000000000000000000e+00
1.052382111549377441e+00 -8.215301036834716797e-01 1.000000000000000000e+00
6.928681135177612305e-01 -1.127356410026550293e+00 1.000000000000000000e+00
8.768025636672973633e-01 -6.943144798278808594e-01 1.000000000000000000e+00
8.305094838142395020e-01 -1.621740818023681641e+00 1.000000000000000000e+00
8.162675499916076660e-01 -1.227097868919372559e+00 1.000000000000000000e+00
1.128481507301330566e+00 -1.209229350090026855e+00 1.000000000000000000e+00
1.185514211654663086e+00 -8.629198670387268066e-01 1.000000000000000000e+00
1.550088167190551758e+00 -1.011719703674316406e+00 1.000000000000000000e+00
1.039327979087829590e+00 -1.176865935325622559e+00 1.000000000000000000e+00
8.094184398651123047e-01 -1.449271202087402344e+00 1.000000000000000000e+00
9.899420738220214844e-01 -1.110646486282348633e+00 1.000000000000000000e+00
8.941152691841125488e-01 -1.098125696182250977e+00 1.000000000000000000e+00
1.123767852783203125e+00 -1.195230484008789062e+00 1.000000000000000000e+00
1.035344362258911133e+00 -6.389113664627075195e-01 1.000000000000000000e+00
1.317864298820495605e+00 -7.772985696792602539e-01 1.000000000000000000e+00
3.856554627418518066e-01 -1.191837310791015625e+00 1.000000000000000000e+00
1.210378289222717285e+00 -1.001393437385559082e+00 1.000000000000000000e+00
1.249606370925903320e+00 -1.261598110198974609e+00 1.000000000000000000e+00
9.627028703689575195e-01 -7.380106449127197266e-01 1.000000000000000000e+00
7.575645446777343750e-01 -1.262598395347595215e+00 1.000000000000000000e+00
1.185077309608459473e+00 -7.865836620330810547e-01 1.000000000000000000e+00
6.378904581069946289e-01 -1.016660213470458984e+00 1.000000000000000000e+00
1.152408957481384277e+00 -8.986381292343139648e-01 1.000000000000000000e+00
8.836255073547363281e-01 -8.744898438453674316e-01 1.000000000000000000e+00
1.052905917167663574e+00 -1.236852884292602539e+00 1.000000000000000000e+00
1.233896970748901367e+00 -7.786083817481994629e-01 1.000000000000000000e+00
1.054531574249267578e+00 -1.118446111679077148e+00 1.000000000000000000e+00
1.126398444175720215e+00 -1.047304034233093262e+00 1.000000000000000000e+00
8.806980848312377930e-01 -5.268088579177856445e-01 1.000000000000000000e+00
9.612218737602233887e-01 -7.985358834266662598e-01 1.000000000000000000e+00
1.154383182525634766e+00 -9.164999127388000488e-01 1.000000000000000000e+00
9.279033541679382324e-01 -6.805770397186279297e-01 1.000000000000000000e+00
9.198409318923950195e-01 -1.121443748474121094e+00 1.000000000000000000e+00
1.239714145660400391e+00 -1.279586315155029297e+00 1.000000000000000000e+00
1.025271654129028320e+00 -1.033406257629394531e+00 1.000000000000000000e+00
1.222198009490966797e+00 -7.134373188018798828e-01 1.000000000000000000e+00
6.979508996009826660e-01 -1.014377713203430176e+00 1.000000000000000000e+00
8.205531239509582520e-01 -1.136019349098205566e+00 1.000000000000000000e+00
7.724630832672119141e-01 -1.120502352714538574e+00 1.000000000000000000e+00
8.531464338302612305e-01 -1.303806781768798828e+00 1.000000000000000000e+00
7.215119600296020508e-01 -1.175179719924926758e+00 1.000000000000000000e+00
8.436750769615173340e-01 -1.039891362190246582e+00 1.000000000000000000e+00
1.389163851737976074e+00 -6.362308859825134277e-01 1.000000000000000000e+00
8.484473824501037598e-01 -9.465492963790893555e-01 1.000000000000000000e+00
1.112549185752868652e+00 -1.245990753173828125e+00 1.000000000000000000e+00
7.494738101959228516e-01 -1.168732285499572754e+00 1.000000000000000000e+00
1.131287097930908203e+00 -9.525074958801269531e-01 1.000000000000000000e+00
1.156243920326232910e+00 -7.990063428878784180e-01 1.000000000000000000e+00
1.208777546882629395e+00 -9.269860982894897461e-01 1.000000000000000000e+00
7.320460677146911621e-01 -1.098356246948242188e+00 1.000000000000000000e+00
8.798358440399169922e-01 -9.655651450157165527e-01 1.000000000000000000e+00
1.018602609634399414e+00 -5.694268941879272461e-01 1.000000000000000000e+00
1.126206159591674805e+00 -1.207068443298339844e+00 1.000000000000000000e+00
1.396769046783447266e+00 7.332055568695068359e-01 -1.000000000000000000e+00
1.118107080459594727e+00 1.041562795639038086e+00 -1.000000000000000000e+00
7.131755948066711426e-01 8.395494818687438965e-01 -1.000000000000000000e+00
7.168864607810974121e-01 1.050058960914611816e+00 -1.000000000000000000e+00
1.126230120658874512e+00 8.529003858566284180e-01 -1.000000000000000000e+00
1.009104728698730469e+00 9.511651396751403809e-01 -1.000000000000000000e+00
1.135616660118103027e+00 1.237830519676208496e+00 -1.000000000000000000e+00
8.040480613708496094e-01 8.521990776062011719e-01 -1.000000000000000000e+00
9.150700569152832031e-01 1.068990468978881836e+00 -1.000000000000000000e+00
1.161439776420593262e+00 1.092410564422607422e+00 -1.000000000000000000e+00
9.999058842658996582e-01 1.456427931785583496e+00 -1.000000000000000000e+00
9.570325613021850586e-01 9.649582505226135254e-01 -1.000000000000000000e+00
1.285190582275390625e+00 1.024416327476501465e+00 -1.000000000000000000e+00
8.557212948799133301e-01 1.085428476333618164e+00 -1.000000000000000000e+00
1.163051843643188477e+00 9.244621396064758301e-01 -1.000000000000000000e+00
1.038891673088073730e+00 9.443225264549255371e-01 -1.000000000000000000e+00
1.295681595802307129e+00 1.250423431396484375e+00 -1.000000000000000000e+00
1.030300855636596680e+00 9.009009003639221191e-01 -1.000000000000000000e+00
9.217995405197143555e-01 1.122718691825866699e+00 -1.000000000000000000e+00
1.039659857749938965e+00 1.062600731849670410e+00 -1.000000000000000000e+00
1.200511932373046875e+00 9.441697597503662109e-01 -1.000000000000000000e+00
8.484871387481689453e-01 1.328001022338867188e+00 -1.000000000000000000e+00
1.373744010925292969e+00 7.853403687477111816e-01 -1.000000000000000000e+00
1.055992364883422852e+00 1.083616137504577637e+00 -1.000000000000000000e+00
9.952526092529296875e-01 9.937726259231567383e-01 -1.000000000000000000e+00
1.224230289459228516e+00 8.200041651725769043e-01 -1.000000000000000000e+00
6.827578544616699219e-01 1.096927165985107422e+00 -1.000000000000000000e+00
8.662682771682739258e-01 1.054468512535095215e+00 -1.000000000000000000e+00
1.268298506736755371e+00 1.078637361526489258e+00 -1.000000000000000000e+00
6.293535232543945312e-01 1.323168516159057617e+00 -1.000000000000000000e+00
1.362997055053710938e+00 8.728558421134948730e-01 -1.000000000000000000e+00
7.635612487792968750e-01 8.547391891479492188e-01 -1.000000000000000000e+00
9.055482745170593262e-01 7.490485906600952148e-01 -1.000000000000000000e+00
1.119569063186645508e+00 8.882585763931274414e-01 -1.000000000000000000e+00
1.303300023078918457e+00 9.311769008636474609e-01 -1.000000000000000000e+00
1.000308990478515625e+00 1.058179974555969238e+00 -1.000000000000000000e+00
1.019824504852294922e+00 1.290070176124572754e+00 -1.000000000000000000e+00
1.035562038421630859e+00 1.147617578506469727e+00 -1.000000000000000000e+00
1.099493741989135742e+00 7.954323291778564453e-01 -1.000000000000000000e+00
1.146317720413208008e+00 8.288969993591308594e-01 -1.000000000000000000e+00
9.869303703308105469e-01 9.189960360527038574e-01 -1.000000000000000000e+00
1.067135095596313477e+00 1.080750942230224609e+00 -1.000000000000000000e+00
1.105004787445068359e+00 8.752657175064086914e-01 -1.000000000000000000e+00
9.151135087013244629e-01 1.700842857360839844e+00 -1.000000000000000000e+00
1.122362017631530762e+00 5.632494688034057617e-01 -1.000000000000000000e+00
1.027122855186462402e+00 6.827417612075805664e-01 -1.000000000000000000e+00
1.034091472625732422e+00 9.027705788612365723e-01 -1.000000000000000000e+00
6.883620023727416992e-01 1.017257213592529297e+00 -1.000000000000000000e+00
6.711522340774536133e-01 1.342576742172241211e+00 -1.000000000000000000e+00
5.162273645401000977e-01 9.364829063415527344e-01 -1.000000000000000000e+00
1.034837126731872559e+00 1.259876251220703125e+00 -1.000000000000000000e+00
1.203471779823303223e+00 1.076635360717773438e+00 -1.000000000000000000e+00
1.016933321952819824e+00 1.254758119583129883e+00 -1.000000000000000000e+00
1.228549599647521973e+00 1.196304559707641602e+00 -1.000000000000000000e+00
8.578197360038757324e-01 1.380786061286926270e+00 -1.000000000000000000e+00
9.179707765579223633e-01 1.122789382934570312e+00 -1.000000000000000000e+00
1.196967005729675293e+00 9.547191858291625977e-01 -1.000000000000000000e+00
8.375406861305236816e-01 9.552856087684631348e-01 -1.000000000000000000e+00
1.006895661354064941e+00 8.055503368377685547e-01 -1.000000000000000000e+00
1.256475210189819336e+00 8.928990960121154785e-01 -1.000000000000000000e+00
1.471519231796264648e+00 9.165336489677429199e-01 -1.000000000000000000e+00
1.175562858581542969e+00 1.310129761695861816e+00 -1.000000000000000000e+00
7.441226243972778320e-01 1.352828025817871094e+00 -1.000000000000000000e+00
7.534227967262268066e-01 1.442401051521301270e+00 -1.000000000000000000e+00
8.776457309722900391e-01 8.670748472213745117e-01 -1.000000000000000000e+00
9.928215742111206055e-01 1.228408932685852051e+00 -1.000000000000000000e+00
1.019343614578247070e+00 6.811335086822509766e-01 -1.000000000000000000e+00
9.796613454818725586e-01 9.592127203941345215e-01 -1.000000000000000000e+00
8.720358014106750488e-01 8.586767911911010742e-01 -1.000000000000000000e+00
8.509274125099182129e-01 8.523448705673217773e-01 -1.000000000000000000e+00
1.072896599769592285e+00 1.205963850021362305e+00 -1.000000000000000000e+00
1.045245051383972168e+00 1.411663532257080078e+00 -1.000000000000000000e+00
9.500123262405395508e-01 8.371626734733581543e-01 -1.000000000000000000e+00
7.927836775779724121e-01 9.294495582580566406e-01 -1.000000000000000000e+00
5.852313041687011719e-01 8.894546031951904297e-01 -1.000000000000000000e+00
7.791773676872253418e-01 1.333191156387329102e+00 -1.000000000000000000e+00
7.714698314666748047e-01 1.265333175659179688e+00 -1.000000000000000000e+00
2.617076635360717773e-01 8.756129145622253418e-01 -1.000000000000000000e+00
1.147666573524475098e+00 9.674258828163146973e-01 -1.000000000000000000e+00
1.151480436325073242e+00 6.088483333587646484e-01 -1.000000000000000000e+00
1.023831129074096680e+00 9.024727344512939453e-01 -1.000000000000000000e+00
9.072782993316650391e-01 9.051164984703063965e-01 -1.000000000000000000e+00
1.056220650672912598e+00 1.080285191535949707e+00 -1.000000000000000000e+00
1.209859251976013184e+00 9.453458189964294434e-01 -1.000000000000000000e+00
7.779771089553833008e-01 1.039647579193115234e+00 -1.000000000000000000e+00
9.701032042503356934e-01 7.553425431251525879e-01 -1.000000000000000000e+00
7.471386194229125977e-01 9.707479476928710938e-01 -1.000000000000000000e+00
8.444668054580688477e-01 8.975230455398559570e-01 -1.000000000000000000e+00
7.763597369194030762e-01 1.133559465408325195e+00 -1.000000000000000000e+00
9.616690874099731445e-01 1.018430709838867188e+00 -1.000000000000000000e+00
8.518022298812866211e-01 1.177262425422668457e+00 -1.000000000000000000e+00
6.392185688018798828e-01 6.662651300430297852e-01 -1.000000000000000000e+00
8.977950215339660645e-01 1.006157994270324707e+00 -1.000000000000000000e+00
1.164045810699462891e+00 6.722726225852966309e-01 -1.000000000000000000e+00
9.414414763450622559e-01 1.108842611312866211e+00 -1.000000000000000000e+00
1.012031435966491699e+00 1.156538009643554688e+00 -1.000000000000000000e+00
1.376510024070739746e+00 1.043471455574035645e+00 -1.000000000000000000e+00
1.472221851348876953e+00 1.099435806274414062e+00 -1.000000000000000000e+00
1.302746891975402832e+00 1.015619158744812012e+00 -1.000000000000000000e+00
8.062950372695922852e-01 9.048778414726257324e-01 -1.000000000000000000e+00
